46534.939038
46535.042774
46535.146376
46535.250114
46535.353730
46535.457469
46535.561083
46535.664836
46535.768458
46535.872185
46535.975948
46536.079535
46536.183280
46536.287017
46536.390634
46536.494250
46536.597998
46536.701607
46536.805340
46536.908961
46537.012704
46537.116320
46537.220056
46537.323678
46537.427289
46537.531026
46537.634871
46537.738405
46537.842122
46537.945807
46538.049480
46538.153096
46538.256707
46538.360323
46538.463963
46538.567583
46538.671294
46538.774909
46538.878527
46538.982145
46539.085926
46539.189499
46539.293241
46539.396978
46539.500598
46539.604332
46539.707950
46539.811571
46539.915184
46540.018948
46540.122541
46540.226155
46540.329900
46540.433512
46540.537271
46540.640867
46540.744609
46540.848223
46540.951959
46541.055579
46541.159316
46541.262933
46541.366697
46541.470422
46541.574030
46541.677779
46541.781389
46541.885002
46541.988743
46542.092361
46542.195972
46542.299588
46542.403205
46542.506824
46542.610435
46542.714182
46542.817793
46542.921531
46543.025150
46543.128888
46543.232509
46543.336141
46543.439885
46543.543476
46543.647213
46543.750833
46543.854442
46543.958201
46544.061928
46544.165551
46544.269285
46544.373024
46544.476787
46544.580625
46544.684380
46544.788268
46544.892098
46544.995969
46545.099869
46545.203699
46545.307705
46545.411675
46545.515670
46545.619658
46545.723648
46545.827784
46545.931755
46546.035628
46546.139607
46546.243352
46546.347215
46546.450957
46546.554573
46546.658313
46546.761805
46546.865417
46546.969034
46547.072649
46547.176143
46547.279640
46547.383144
46547.486710
46547.590104
46547.693727
46547.797100
46547.900712
46548.004240
46548.107808
46548.211388
46548.314916
46548.418540
46548.522145
46548.625754
46548.729379
46548.832988
46548.936705
46549.040342
46549.143959
46549.247576
46549.351311
46549.454931
46549.558716
46549.662303
46549.765903
46549.869521
46549.973135
46550.076874
46550.180489
46550.284114
46550.387846
46550.491587
46550.595205
46550.698942
46550.802679
46550.906424
46551.010057
46551.113774
46551.217489
46551.321128
46551.424749
46551.528367
46551.632127
46551.735722
46551.839464
46551.943226
46552.046940
46552.150685
46552.254427
46552.358190
46552.461907
46552.565521
46552.669255
46552.772876
46552.876494
46552.980233
46553.083863
46553.187585
46553.291204
46553.394969
46553.498613
46553.602299
46553.705917
46553.809532
46553.913149
46554.016763
46554.120453
46554.224062
46554.327719
46554.431282
46554.534842
46554.638453
46554.741946
46554.845561
46554.949054
46555.052539
46555.156178
46555.259650
46555.363137
46555.466505
46555.569997
46555.673482
46555.776999
46555.880549
46555.984062
46556.087406
46556.190937
46556.294480
46556.398040
46556.501759
46556.605399
46556.709140
46556.812984
46556.916746
46557.020483
46557.124349
46557.228213
46557.332210
46557.436195
46557.540330
46557.644548
46557.748682
46557.852703
46557.956645
46558.060760
46558.164753
46558.268742
46558.372634
46558.476599
46558.580468
46558.684228
46558.788027
46558.891688
46558.995457
46559.099045
46559.202994
46559.306305
46559.410042
46559.513598
46559.617143
46559.720865
46559.824512
46559.928166
46560.031705
46560.135359
46560.238934
46560.342678
46560.446293
46560.549916
46560.653670
46560.757260
46560.861021
46560.964722
46561.068268
46561.172030
46561.275588
46561.379382
46561.483091
46561.586708
46561.690300
46561.793923
46561.897534
46562.001273
46562.104910
46562.208504
46562.312270
46562.415907
46562.519476
46562.623112
46562.726743
46562.830321
46562.934135
46563.037691
46563.141316
46563.244910
46563.348671
46563.452267
46563.555881
46563.661319
46563.763262
46563.866981
46563.970599
46564.074341
46564.177951
46564.281570
46564.385183
46564.488797
46564.592462
46564.696161
46564.799920
46564.903657
46565.007250
46565.111036
46565.214736
46565.318352
46565.422090
46565.525707
46565.629442
46565.733085
46565.836678
46565.940414
46566.044050
46566.147648
46566.251393
46566.355242
46566.459101
46566.562459
46566.665983
46566.769732
46566.873334
46566.977074
46567.080684
46567.184301
46567.287915
46567.391699
46567.495277
46567.599017
46567.702767
46567.806511
46567.910237
46568.013871
46568.117603
46568.221352
46568.325071
46568.428814
46568.532596
46568.636172
46568.739911
46568.843653
46568.947387
46569.051130
46569.154874
46569.258610
46569.362376
46569.465975
46569.569711
46569.673337
46569.776940
46569.880556
46569.984299
46570.087911
46570.191549
46570.295266
46570.398888
46570.502663
46570.606242
46570.709980
46570.813719
46570.917343
46571.021118
46571.124820
46571.228536
46571.332258
46571.435916
46571.539529
46571.643395
46571.747028
46571.850806
46571.954515
46572.058099
46572.161846
46572.265464
46572.369199
46572.472817
46572.576428
46572.680068
46572.783787
46572.887402
46572.991353
46573.094760
46573.198711
46573.301982
46573.405607
46573.509264
46573.612845
46573.716500
46573.820095
46573.923762
46574.027334
46574.131059
46574.234763
46574.338362
46574.442020
46574.545767
46574.649430
46574.753199
46574.856846
46574.960477
46575.064219
46575.167999
46575.271597
46575.375313
46575.479040
46575.582660
46575.686392
46575.790015
46575.893763
46575.997491
46576.101131
46576.204852
46576.309394
46576.412310
46576.515824
46576.619563
46576.723295
46576.826714
46576.930439
46577.033840
46577.137300
46577.240877
46577.344373
46577.447885
46577.551390
46577.654859
46577.758354
46577.861690
46577.965229
46578.068684
46578.172067
46578.275563
46578.379086
46578.482536
46578.586186
46578.689748
46578.793393
46578.897003
46579.000717
46579.104454
46579.207946
46579.311775
46579.415307
46579.519067
46579.622791
46579.726528
46579.830395
46579.934133
46580.037999
46580.142395
46580.245966
46580.349723
46580.453891
46580.557601
46580.661578
46580.765553
46580.869547
46580.973605
46581.077456
46581.181455
46581.285387
46581.389250
46581.493141
46581.596849
46581.700721
46581.804460
46581.908214
46582.011940
46582.115686
46582.219426
46582.323163
46582.426782
46582.530545
46582.634133
46582.737753
46582.841368
46582.945109
46583.048723
46583.152919
46583.255952
46583.359569
46583.463182
46583.566817
46583.670439
46583.774394
46583.877769
46583.981631
46584.085128
46584.188869
46584.292887
46584.396649
46584.499990
46584.603731
46584.707375
46584.811069
46584.914794
46585.018409
46585.122171
46585.225769
46585.329403
46585.433142
46585.536740
46585.640351
46585.744093
46585.847710
46585.951449
46586.055066
46586.158680
46586.262423
46586.366161
46586.469796
46586.573392
46586.677134
46586.780899
46586.884487
46586.988228
46587.091975
46587.195584
46587.299348
46587.402965
46587.506684
46587.610424
46587.714043
46587.817673
46587.921395
46588.025009
46588.128623
46588.232260
46588.335982
46588.439598
46588.543366
46588.646952
46588.750569
46588.854181
46588.957944
46589.061544
46589.165178
46589.268919
46589.372639
46589.476253
46589.579871
46589.683498
46589.787101
46589.890735
46589.994467
46590.098068
46590.201686
46590.305429
46590.409058
46590.512784
46590.616394
46590.720012
46590.823628
46590.927386
46591.030999
46591.134638
46591.238237
46591.341832
46591.445485
46591.549083
46591.652681
46591.756299
46591.860036
46591.963672
46592.067265
46592.171013
46592.274779
46592.378366
46592.482002
46592.585604
46592.689429
46592.793005
46592.896718
46593.000306
46593.103943
46593.207662
46593.311277
46593.415018
46593.518632
46593.622390
46593.725990
46593.829747
46593.933346
46594.037115
46594.140824
46594.244455
46594.348179
46594.452135
46594.555785
46594.659543
46594.763272
46594.867140
46594.971156
46595.074822
46595.178812
46595.282343
46595.386232
46595.490038
46595.593815
46595.697649
46595.801318
46595.905034
46596.008667
46596.112310
46596.215885
46596.319501
46596.422991
46596.526604
46596.630095
46596.733587
46596.836943
46596.941783
46597.043832
46597.147172
46597.250543
46597.353901
46597.457271
46597.560776
46597.664260
46597.767742
46597.871235
46597.974847
46598.078462
46598.181959
46598.285570
46598.389184
46598.492927
46598.596540
46598.700285
46598.804026
46598.907658
46599.011260
46599.115013
46599.218659
46599.322222
46599.425965
46599.529745
46599.633342
46599.736976
46599.840678
46599.944377
46600.048030
46600.151865
46600.255262
46600.358885
46600.462653
46600.566146
46600.669826
46600.773470
46600.877079
46600.980697
46601.084311
46601.187975
46601.291670
46601.395283
46601.498896
46601.602633
46601.706275
46601.809994
46601.913608
46602.017349
46602.120966
46602.224707
46602.328323
46602.432006
46602.535672
46602.639311
46602.742938
46602.846629
46602.950331
46603.054007
46603.157683
46603.261256
46603.364978
46603.468627
46603.572204
46603.675949
46603.779566
46603.883305
46603.986925
46604.090662
46604.194360
46604.298036
46604.401682
46604.505370
46604.608985
46604.712747
46604.816342
46604.919970
46605.023699
46605.127437
46605.231073
46605.334669
46605.438412
46605.542028
46605.645646
46605.749404
46605.853001
46605.956635
46606.060235
46606.163854
46606.267465
46606.371202
46606.474887
46606.578439
46606.682046
46606.785692
46606.889288
46606.992958
46607.096533
46607.200276
46607.303871
46607.407487
46607.511102
46607.614758
46607.718481
46607.822075
46607.925812
46608.029550
46608.133231
46608.236912
46608.340527
46608.444145
46608.547937
46608.651595
46608.755183
46608.858875
46608.962472
46609.066209
46609.169920
46609.273436
46609.377073
46609.480693
46609.584303
46609.687900
46609.791575
46609.895002
46609.998647
46610.102114
46610.205685
46610.309092
46610.412583
46610.516109
46610.619443
46610.722804
46610.826318
46610.929657
46611.033151
46611.136637
46611.240005
46611.343496
46611.446986
46611.550379
46611.653857
46611.757479
46611.861025
46611.964570
46612.068055
46612.171670
46612.275289
46612.378902
46612.482610
46612.586129
46612.689874
46612.793740
46612.897628
46613.001596
46613.105605
46613.209702
46613.313833
46613.418053
46613.522187
46613.626410
46613.730529
46613.834644
46613.938784
46614.042648
46614.146586
46614.250415
46614.354221
46614.458010
46614.561713
46614.665441
46614.769187
46614.872913
46614.976539
46615.080308
46615.183893
46615.287538
46615.391247
46615.494868
46615.598485
46615.702225
46615.805836
46615.909456
46616.013125
46616.116709
46616.220429
46616.324066
46616.427660
46616.531272
46616.634887
46616.738507
46616.842119
46616.945738
46617.049355
46617.153106
46617.256707
46617.360447
46617.464063
46617.567820
46617.671417
46617.775179
46617.878772
46617.982539
46618.086257
46618.190013
46618.293613
46618.397229
46618.501016
46618.604593
46618.708423
46618.811955
46618.915750
46619.019171
46619.122786
46619.226637
46619.330203
46619.433800
46619.537518
46619.641156
46619.744751
46619.848346
46619.951999
46620.055734
46620.159312
46620.263117
46620.366788
46620.470380
46620.574051
46620.677706
46620.781552
46620.885087
46620.988615
46621.092225
46621.196723
46621.299551
46621.403222
46621.506818
46621.610592
46621.714179
46621.817933
46621.921545
46622.025290
46622.129222
46622.232677
46622.336263
46622.440078
46622.543601
46622.647357
46622.751020
46622.854684
46622.958322
46623.062070
46623.165662
46623.269501
46623.373370
46623.476823
46623.580442
46623.684115
46623.787933
46623.891591
46623.995208
46624.098830
46624.202580
46624.306180
46624.409922
46624.513532
46624.617273
46624.721016
46624.824630
46624.928389
46625.031987
46625.135753
46625.239489
46625.343085
46625.446825
46625.550440
46625.654182
46625.757794
46625.861421
46625.965020
46626.068643
46626.172256
46626.275875
46626.379490
46626.483105
46626.586723
46626.690337
46626.794077
46626.897710
46627.001311
46627.104923
46627.208538
46627.312153
46627.415899
46627.519510
46627.623118
46627.726867
46627.830504
46627.933967
46628.037606
46628.141202
46628.244819
46628.348431
46628.452172
46628.555789
46628.659514
46628.763162
46628.866883
46628.970589
46629.074138
46629.177857
46629.281591
46629.385240
46629.488975
46629.592692
46629.696328
46629.800065
46629.903685
46630.007284
46630.110890
46630.214631
46630.318253
46630.421889
46630.525629
46630.629242
46630.732840
46630.836458
46630.940082
46631.043814
46631.147433
46631.251038
46631.354684
46631.458481
46631.562026
46631.665648
46631.769299
46631.872864
46631.976564
46632.080183
46632.183728
46632.287197
46632.390744
46632.494060
46632.597554
46632.700908
46632.804296
46632.907657
46633.011100
46633.114363
46633.217753
46633.321241
46633.424724
46633.528225
46633.631757
46633.735185
46633.838801
46633.942316
46634.046038
46634.149666
46634.253274
46634.357408
46634.460750
46634.564633
46634.668571
46634.772486
46634.876594
46634.981029
46635.084836
46635.188956
46635.292936
46635.397002
46635.500790
46635.604657
46635.708502
46635.812391
46635.916253
46636.020008
46636.123718
46636.227466
46636.331219
46636.434815
46636.538555
46636.642303
46636.745911
46636.849668
46636.953415
46637.057179
46637.160871
46637.264634
46637.368356
46637.471972
46637.575748
46637.679327
46637.783095
46637.886687
46637.990318
46638.094040
46638.197787
46638.301270
46638.405509
46638.508639
46638.612344
46638.715884
46638.819492
46638.923091
46639.026709
46639.130322
46639.234079
46639.337676
46639.441292
46639.545034
46639.648647
46639.752265
46639.855882
46639.959620
46640.063266
46640.166875
46640.270466
46640.374207
46640.477926
46640.581592
46640.685175
46640.788904
46640.892561
46640.996607
46641.099908
46641.203507
46641.307252
46641.410989
46641.514605
46641.618337
46641.721955
46641.825581
46641.929315
46642.032933
46642.136545
46642.240161
46642.343899
46642.447537
46642.551261
46642.655000
46642.758625
46642.862363
46642.966098
46643.069864
46643.173604
46643.277189
46643.380942
46643.484813
46643.588380
46643.692053
46643.796094
46643.899476
46644.003638
46644.106837
46644.210392
46644.314006
46644.417967
46644.521108
46644.624711
46644.728455
46644.832075
46644.935797
46645.039414
46645.143299
46645.246899
46645.350801
46645.454415
46645.558678
46645.662267
46645.766078
46645.869458
46645.973300
46646.077018
46646.180675
46646.284290
46646.388030
46646.491786
46646.595380
46646.699130
46646.802741
46646.906372
46647.009974
46647.113714
46647.217381
46647.321002
46647.424559
46647.528176
46647.631820
46647.735513
46647.839020
46647.942637
46648.046379
46648.149995
46648.253738
46648.357349
46648.461087
46648.564731
46648.668320
46648.771813
46648.875548
46648.979040
46649.082657
46649.186299
46649.289889
46649.393386
46649.496996
46649.600632
46649.704228
46649.807844
46649.911457
46650.015073
46650.118691
46650.222305
46650.325818
46650.429412
46650.532924
46650.636415
46650.739883
46650.843372
46650.947104
46651.050206
46651.153623
46651.256903
46651.360326
46651.463714
46651.567181
46651.670794
46651.774287
46651.877778
46651.981605
46652.084878
46652.188496
46652.291983
46652.395619
46652.499220
46652.602755
46652.706456
46652.810063
46652.913826
46653.017424
46653.121188
46653.224901
46653.328645
46653.432515
46653.536494
46653.640365
46653.744356
46653.848437
46653.952353
46654.056329
46654.160316
46654.264184
46654.368049
46654.471912
46654.575671
46654.679413
46654.783159
46654.886875
46654.990514
46655.094229
46655.197843
46655.301464
46655.405075
46655.508781
46655.612438
46655.716050
46655.819783
46655.923408
46656.027022
46656.130635
46656.234300
46656.337874
46656.441486
46656.545243
46656.648841
46656.752580
46656.856194
46656.959930
46657.063551
46657.167288
46657.271023
46657.374666
46657.478386
46657.582152
46657.685865
46657.789486
46657.893219
46657.996838
46658.100600
46658.204192
46658.307815
46658.411424
46658.515197
46658.618781
46658.722396
46658.826014
46658.929759
46659.033492
46659.137111
46659.240856
46659.344591
46659.448206
46659.552015
46659.655562
46659.759330
46659.862921
46659.966558
46660.070275
46660.173890
46660.277507
46660.381146
46660.484760
46660.588353
46660.692015
46660.795704
46660.899324
46661.002816
46661.106460
46661.209918
46661.313421
46661.417044
46661.520518
46661.624125
46661.727623
46661.831111
46661.934729
46662.038221
46662.141708
46662.245196
46662.348685
46662.452183
46662.555795
46662.659285
46662.762901
46662.866518
46662.970135
46663.073926
46663.177619
46663.281243
46663.384973
46663.488606
46663.592323
46663.696062
46663.799819
46663.903415
46664.007285
46664.111157
46664.215012
46664.319005
46664.423048
46664.527006
46664.630988
46664.735003
46664.838963
46664.943035
46665.046993
46665.151146
46665.255058
46665.359806
46665.463299
46665.567409
46665.671384
46665.775498
46665.879738
46665.983729
46666.087847
46666.191962
46666.295821
46666.399810
46666.503760
46666.607428
46666.711257
46666.814776
46666.918395
46667.021888
46667.125376
46667.228989
46667.332604
46667.436094
46667.539698
46667.643199
46667.746578
46667.850058
46667.953472
46668.056937
46668.160472
46668.264021
46668.367508
46668.471026
46668.574494
46668.677981
46668.781497
46668.885090
46668.988705
46669.092318
46669.196060
46669.299798
46669.403414
46669.507032
46669.610655
46669.714389
46669.818001
46669.921645
46670.025239
46670.128976
46670.232591
46670.336202
46670.439820
46670.543460
46670.647174
46670.750835
46670.854410
46670.958210
46671.061785
46671.165503
46671.269193
46671.372764
46671.476479
46671.580119
46671.683931
46671.787445
46671.891085
46671.994823
46672.098544
46672.202234
46672.305899
46672.409643
46672.513382
46672.617001
46672.720737
46672.824353
46672.927964
46673.031710
46673.135324
46673.238941
46673.342576
46673.446172
46673.549787
46673.653401
46673.757017
46673.860635
46673.964252
46674.067864
46674.171609
46674.275221
46674.378896
46674.482446
46674.586192
46674.689928
46674.793596
46674.897399
46675.000900
46675.104415
46675.208148
46675.311747
46675.415388
46675.518981
46675.622752
46675.726551
46675.829979
46675.933692
46676.037322
46676.140990
46676.244582
46676.348474
46676.452005
46676.555510
46676.659124
46676.762740
46676.866480
46676.970185
46677.073715
46677.177454
46677.281194
46677.384808
46677.488551
46677.592292
46677.695906
46677.799645
46677.903385
46678.007003
46678.110745
46678.214356
46678.318095
46678.421714
46678.525456
46678.629077
46678.732722
46678.836300
46678.939918
46679.043532
46679.147285
46679.251069
46679.354625
46679.458364
46679.561983
46679.665775
46679.769385
46679.873078
46679.976824
46680.080562
46680.184326
46680.288185
46680.391907
46680.495771
46680.599673
46680.703377
46680.807239
46680.911056
46681.014725
46681.118589
46681.222331
46681.326071
46681.429812
46681.533554
46681.637171
46681.740784
46681.844399
46681.948036
46682.051515
46682.154996
46682.258487
46682.361852
46682.465341
46682.568712
46682.672074
46682.775564
46682.878931
46682.982420
46683.085910
46683.189285
46683.292769
46683.396255
46683.499749
46683.603235
46683.706870
46683.810345
46683.913961
46684.017450
46684.121201
46684.224677
46684.328296
46684.431932
46684.535523
46684.639147
46684.742758
46684.846371
46684.950138
46685.053729
46685.157340
46685.261005
46685.364695
46685.468315
46685.571950
46685.675545
46685.779171
46685.882777
46685.986515
46686.090133
46686.193748
46686.297363
46686.400992
46686.504596
46686.608336
46686.711951
46686.815690
46686.919310
46687.022921
46687.126540
46687.230154
46687.333784
46687.437512
46687.541126
46687.644860
46687.748486
46687.852101
46687.955710
46688.059452
46688.163078
46688.266686
46688.370323
46688.473915
46688.577655
46688.681270
46688.784886
46688.888547
46688.992117
46689.095726
46689.199367
46689.302838
46689.406451
46689.510071
46689.613682
46689.717177
46689.820793
46689.924394
46690.027899
46690.131515
46690.235123
46690.338788
46690.442362
46690.545850
46690.649466
46690.753204
46690.856821
46690.960457
46691.064049
46691.167685
46691.271286
46691.375027
46691.478638
46691.582259
46691.685873
46691.789499
46691.893104
46691.996846
46692.100457
46692.204073
46692.307756
46692.411431
46692.515044
46692.618660
46692.722303
46692.825884
46692.929625
46693.033246
46693.136986
46693.240724
46693.344344
46693.448106
46693.551699
46693.655437
46693.759059
46693.862691
46693.966288
46694.070029
46694.173638
46694.277381
46694.380872
46694.484487
46694.588016
46694.691472
46694.794962
46694.898454
46695.001943
46695.105307
46695.208799
46695.312231
46695.415678
46695.519146
46695.622632
46695.726124
46695.829763
46695.933232
46696.036844
46696.140477
46696.243952
46696.348296
46696.451125
46696.554697
46696.658805
46696.761978
46696.865602
46696.969360
46697.073109
46697.176635
46697.280380
46697.384189
46697.487964
46697.591697
46697.695566
46697.799559
46697.903423
46698.007414
46698.111282
46698.215269
46698.319139
46698.423128
46698.527030
46698.630880
46698.734722
46698.838465
46698.942202
46699.046427
46699.149711
46699.253446
46699.357043
46699.460779
46699.564391
46699.668011
46699.771625
46699.875244
46699.978857
46700.082618
46700.186087
46700.289830
46700.393443
46700.497060
46700.600673
46700.704414
46700.808158
46700.911894
46701.015640
46701.119379
46701.223120
46701.326954
46701.430476
46701.534212
46701.637831
46701.741574
46701.845185
46701.948925
46702.052543
46702.156156
46702.259779
46702.363391
46702.467003
46702.570618
46702.674233
46702.777854
46702.881342
46702.984956
46703.088596
46703.192190
46703.295803
46703.399420
46703.503161
46703.606776
46703.710517
46703.814255
46703.917996
46704.021740
46704.125479
46704.229221
46704.332830
46704.436592
46704.540312
46704.643932
46704.747692
46704.851288
46704.955022
46705.058640
46705.162258
46705.265750
46705.369362
46705.472977
46705.576498
46705.679962
46705.783547
46705.887102
46705.990570
46706.094172
46706.197932
46706.301528
46706.405137
46706.508902
46706.612500
46706.716303
46706.819915
46706.923466
46707.027141
46707.130700
46707.234358
46707.337807
46707.441418
46707.544913
46707.648551
46707.752145
46707.855755
46707.959286
46708.062864
46708.166606
46708.270346
46708.373963
46708.477702
46708.581446
46708.685060
46708.788797
46708.892417
46708.996157
46709.099772
46709.203508
46709.307128
46709.410740
46709.514377
46709.617972
46709.721608
46709.825202
46709.928816
46710.032407
46710.135945
46710.239437
46710.343029
46710.446648
46710.550136
46710.653754
46710.757370
46710.860981
46710.964734
46711.068343
46711.172121
46711.275697
46711.379432
46711.483178
46711.586794
46711.690408
46711.794148
46711.897785
46712.001502
46712.105115
46712.208750
46712.312476
46712.416091
46712.519708
46712.623320
46712.726980
46712.830554
46712.934168
46713.037785
46713.141400
46713.244889
46713.348628
46713.452244
46713.555862
46713.659603
46713.763379
46713.866952
46713.970702
46714.074316
46714.178052
46714.281671
46714.385410
46714.489153
46714.592766
46714.696404
46714.800145
46714.903734
46715.007372
46715.110956
46715.214582
46715.318216
46715.421806
46715.525418
46715.629043
46715.732564
46715.836155
46715.939770
46716.043386
46716.146877
46716.250494
46716.354104
46716.457721
46716.561461
46716.665071
46716.768808
46716.872583
46716.976178
46717.079910
46717.183537
46717.287159
46717.390879
46717.494492
46717.598254
46717.701855
46717.805508
46717.909239
46718.012822
46718.116481
46718.220069
46718.323666
46718.427425
46718.531023
46718.634683
46718.738379
46718.842036
46718.945758
46719.049479
46719.153113
46719.256833
46719.360574
46719.464208
46719.567806
46719.671437
46719.775035
46719.878523
46719.981891
46720.085258
46720.188498
46720.291884
46720.395222
46720.498613
46720.602096
46720.705575
46720.809073
46720.912680
46721.016297
46721.119908
46721.223649
46721.327394
46721.431135
46721.534892
46721.638755
46721.742623
46721.846593
46721.950478
46722.054324
46722.158318
46722.262277
46722.366050
46722.469803
46722.573655
46722.677405
46722.781138
46722.884882
46722.988495
46723.092237
46723.195853
46723.299464
46723.403091
46723.506824
46723.610453
46723.714051
46723.817686
46723.921284
46724.025025
46724.128640
46724.232403
46724.336090
46724.439679
46724.543354
46724.647010
46724.750706
46724.854449
46724.958123
46725.061816
46725.165657
46725.269290
46725.373027
46725.476767
46725.580380
46725.684184
46725.787760
46725.891477
46725.995097
46726.098831
46726.202671
46726.306260
46726.409814
46726.513324
46726.617028
46726.720647
46726.824266
46726.928003
46727.031645
46727.135533
46727.238853
46727.342468
46727.446212
46727.549823
46727.653442
46727.757083
46727.860816
46727.964412
46728.068030
46728.171770
46728.275383
46728.379126
46728.482814
46728.586481
46728.690152
46728.793784
46728.897452
46729.001066
46729.104686
46729.208300
46729.311918
46729.415541
46729.519273
46729.622886
46729.726726
46729.830366
46729.934121
46730.037833
46730.141589
46730.245313
46730.348973
46730.452665
46730.556301
46730.660013
46730.763775
46730.867495
46730.971159
46731.074974
46731.178718
46731.282455
46731.386216
46731.490018
46731.593802
46731.697446
46731.801170
46731.904804
46732.008441
46732.112155
46732.215919
46732.319512
46732.423127
46732.526865
46732.630480
46732.734194
46732.837793
46732.941203
46733.045238
46733.148562
46733.252172
46733.355937
46733.459556
46733.563150
46733.666760
46733.770386
46733.874015
46733.977603
46734.081245
46734.184711
46734.288481
46734.391951
46734.495622
46734.599178
46734.702792
46734.806438
46734.910022
46735.013515
46735.117128
46735.220642
46735.324257
46735.427727
46735.531225
46735.634832
46735.738321
46735.841815
46735.945306
46736.048796
46736.152285
46736.255899
46736.359411
46736.462953
46736.566374
46736.669989
46736.773478
46736.876966
46736.980458
46737.084572
46737.187481
46737.290928
46737.394492
46737.498035
46737.601526
46737.705017
46737.808654
46737.912119
46738.015865
46738.119602
46738.223220
46738.326963
46738.430824
46738.534689
46738.638559
46738.742420
46738.846289
46738.950279
46739.054066
46739.157755
46739.261501
46739.365264
46739.469107
46739.572868
46739.676632
46739.780474
46739.884288
46739.987934
46740.091698
46740.195536
46740.299283
46740.403025
46740.506766
46740.610504
46740.714264
46740.817869
46740.921594
46741.025229
46741.128825
46741.232538
46741.336059
46741.439831
46741.543439
46741.647155
46741.750768
46741.854388
46741.958006
46742.061619
46742.165231
46742.268976
46742.372599
46742.476200
46742.579818
46742.683436
46742.787051
46742.890667
46742.994409
46743.098094
46743.201651
46743.305373
46743.408993
46743.512613
46743.616350
46743.719967
46743.823803
46743.927324
46744.030947
46744.134666
46744.238164
46744.341827
46744.445401
46744.549036
46744.652632
46744.756247
46744.859884
46744.963477
46745.066961
46745.170578
46745.274322
46745.377960
46745.481551
46745.585268
46745.688846
46745.792564
46745.896169
46745.999877
46746.103590
46746.207235
46746.310876
46746.414485
46746.518288
46746.621829
46746.725582
46746.829176
46746.932885
46747.036557
46747.140157
46747.243767
46747.347505
46747.451119
46747.554738
46747.658479
46747.762093
46747.865711
46747.969453
46748.073085
46748.176806
46748.280422
46748.384172
46748.487774
46748.591389
46748.695009
46748.798768
46748.902364
46749.006106
46749.109719
46749.213336
46749.316998
46749.420578
46749.524183
46749.627791
46749.731432
46749.835143
46749.938860
46750.042596
46750.146250
46750.249961
46750.353697
46750.457223
46750.560962
46750.664575
46750.768228
46750.871949
46750.975713
46751.079291
46751.183051
46751.286772
46751.390384
46751.494128
46751.597766
46751.701381
46751.805096
46751.908710
46752.012333
46752.116072
46752.219559
46752.323175
46752.426788
46752.530412
46752.634025
46752.737642
46752.841258
46752.944748
46753.048362
46753.151898
46753.255344
46753.358971
46753.462221
46753.565573
46753.669092
46753.772515
46753.875765
46753.979199
46754.082394
46754.185759
46754.288994
46754.392423
46754.495738
46754.599106
46754.702483
46754.805962
46754.909435
46755.012926
46755.116416
46755.219908
46755.323649
46755.427266
46755.531009
46755.634747
46755.738486
46755.842355
46755.946216
46756.050209
46756.154324
46756.258444
46756.362430
46756.466546
46756.570533
46756.674527
46756.778516
46756.882504
46756.986369
46757.090233
46757.193978
46757.297862
46757.401580
46757.505197
46757.608940
46757.712551
46757.816170
46757.919802
46758.023432
46758.127017
46758.230639
46758.334397
46758.437984
46758.541734
46758.645407
46758.749097
46758.852849
46758.957734
46759.060178
46759.164078
46759.267557
46759.371290
46759.474940
46759.578628
46759.682260
46759.785862
46759.889399
46759.992844
46760.096421
46760.199972
46760.303504
46760.407050
46760.510673
46760.614285
46760.717902
46760.821520
46760.925130
46761.028877
46761.132489
46761.236228
46761.339843
46761.443587
46761.547203
46761.650818
46761.754557
46761.858173
46761.961938
46762.065549
46762.169267
46762.272883
46762.376626
46762.480391
46762.583990
46762.687742
46762.791460
46762.895076
46762.998691
46763.102433
46763.206049
46763.309794
46763.413281
46763.517017
46763.620637
46763.724254
46763.827879
46763.931630
46764.035223
46764.138985
46764.242601
46764.346318
46764.449948
46764.553554
46764.657287
46764.760929
46764.864646
46764.968263
46765.071878
46765.175691
46765.279357
46765.382975
46765.486588
46765.590332
46765.693945
46765.797561
46765.901300
46766.004917
46766.108655
46766.212274
46766.316013
46766.419627
46766.523367
46766.626987
46766.730728
46766.834467
46766.938203
46767.041948
46767.145564
46767.249375
46767.353044
46767.456680
46767.560295
46767.664040
46767.767652
46767.871270
46767.974985
46768.078603
46768.182217
46768.285960
46768.389600
46768.493192
46768.596933
46768.700587
46768.804158
46768.907779
46769.011392
46769.115006
46769.218623
46769.322114
46769.425728
46769.529264
46769.632716
46769.736325
46769.839943
46769.943432
46770.047047
46770.150662
46770.254275
46770.357890
46770.461509
46770.565126
46770.668742
46770.772492
46770.876101
46770.979847
46771.083597
46771.187319
46771.291055
46771.394796
46771.498538
46771.602152
46771.705892
46771.809637
46771.913247
46772.016993
46772.120608
46772.224346
46772.327964
46772.431724
46772.535318
46772.638934
46772.742677
46772.846289
46772.950054
46773.053664
46773.157257
46773.260875
46773.364485
46773.468102
46773.571739
46773.675453
46773.779094
46773.882689
46773.986303
46774.090047
46774.193659
46774.297422
46774.401018
46774.504634
46774.608372
46774.712009
46774.815622
46774.919222
46775.022837
46775.126605
46775.230291
46775.333846
46775.437565
46775.541180
46775.644851
46775.748430
46775.851899
46775.955405
46776.058852
46776.162357
46776.265870
46776.369372
46776.472854
46776.576417
46776.679945
46776.783548
46776.887166
46776.991296
46777.094585
46777.198370
46777.302055
46777.405879
46777.509791
46777.613610
46777.717523
46777.821621
46777.925174
46778.028997
46778.132702
46778.236806
46778.340164
46778.443916
46778.547650
46778.651280
46778.755301
46778.858731
46778.962405
46779.066166
46779.169848
46779.273454
46779.377203
46779.480797
46779.584543
46779.688167
46779.791966
46779.895533
46779.999144
46780.102774
46780.206486
46780.310105
46780.413721
46780.517357
46780.620952
46780.724687
46780.828314
46780.931795
46781.035536
46781.139158
46781.242764
46781.346511
46781.450247
46781.553866
46781.657626
46781.761308
46781.864958
46781.968703
46782.072320
46782.175931
46782.279570
46782.383163
46782.486902
46782.590522
46782.694135
46782.797876
46782.901486
46783.005105
46783.108869
46783.212462
46783.316080
46783.419698
46783.523306
46783.627044
46783.730666
46783.834281
46783.937897
46784.041513
46784.145142
46784.248891
46784.352482
46784.456230
46784.559849
46784.663577
46784.767195
46784.870912
46784.974500
46785.078169
46785.181835
46785.285532
46785.389335
46785.493005
46785.596918
46785.700632
46785.804474
46785.908297
46786.011953
46786.115875
46786.219639
46786.323427
46786.427255
46786.530908
46786.634820
46786.738727
46786.842645
46786.946443
46787.050236
46787.154115
46787.257856
46787.361518
46787.465197
46787.568836
46787.672424
46787.776042
46787.879659
46787.983273
46788.086893
46788.190532
46788.294127
46788.397760
46788.501292
46788.604854
46788.708337
46788.811738
46788.915210
46789.018729
46789.122054
46789.225280
46789.328877
46789.431905
46789.535275
46789.638759
46789.742131
46789.845644
46789.949116
46790.052586
46790.156077
46790.259692
46790.363315
46790.466940
46790.570534
46790.674191
46790.777769
46790.881377
46790.985110
46791.088739
46791.192416
46791.296394
46791.399706
46791.503399
46791.607090
46791.710702
46791.814420
46791.918122
46792.021656
46792.125284
46792.228886
46792.332499
46792.436031
46792.539609
46792.643223
46792.746964
46792.850586
46792.954190
46793.057818
46793.161422
46793.265166
46793.368651
46793.472395
46793.576013
46793.679623
46793.783368
46793.886982
46793.990596
46794.094218
46794.197981
46794.301575
46794.405206
46794.508798
46794.612412
46794.716034
46794.819649
46794.923388
46795.027042
46795.130621
46795.234237
46795.337849
46795.441718
46795.545295
46795.648944
46795.752634
46795.856185
46795.959930
46796.063559
46796.167149
46796.270885
46796.374401
46796.478147
46796.581737
46796.685359
46796.789261
46796.892710
46796.996379
46797.099958
46797.203555
46797.307607
46797.410789
46797.514520
46797.618288
46797.721807
46797.825372
46797.929149
46798.032747
46798.136467
46798.240210
46798.343830
46798.447580
46798.551325
46798.654933
46798.758685
46798.862279
46798.966020
46799.069634
46799.173247
46799.276863
46799.380503
46799.484118
46799.587727
46799.691350
46799.794941
46799.898579
46800.002171
46800.105913
46800.209526
46800.313141
46800.416886
46800.520499
46800.624262
46800.727855
46800.831594
46800.935209
46801.038828
46801.142566
46801.246182
46801.349921
46801.453531
46801.557153
46801.660933
46801.764510
46801.868145
46801.971863
46802.075502
46802.179225
46802.282839
46802.386599
46802.490213
46802.593831
46802.697423
46802.801163
46802.904779
46803.008396
46803.112008
46803.215627
46803.319237
46803.422857
46803.526601
46803.630212
46803.733871
46803.837466
46803.941065
46804.044802
46804.148435
46804.252042
46804.355534
46804.459139
46804.562746
46804.666408
46804.769986
46804.873722
46804.977343
46805.081103
46805.184822
46805.288558
46805.392301
46805.496042
46805.599783
46805.703521
46805.807264
46805.911003
46806.014746
46806.118482
46806.222102
46806.325839
46806.429455
46806.533198
46806.636806
46806.740303
46806.843919
46806.947599
46807.051173
46807.154764
46807.258257
46807.361890
46807.465540
46807.569101
46807.672717
46807.776355
46807.880070
46807.983689
46808.087429
46808.191045
46808.294798
46808.398526
46808.502142
46808.605757
46808.709415
46808.813113
46808.916729
46809.020358
46809.124084
46809.227861
46809.331561
46809.435181
46809.538797
46809.642427
46809.746152
46809.849782
46809.953507
46810.057122
46810.160738
46810.264558
46810.368093
46810.471834
46810.575474
46810.679063
46810.782680
46810.886296
46810.989909
46811.093529
46811.197156
46811.300882
46811.404333
46811.507885
46811.611577
46811.715509
46811.818948
46811.922343
46812.026045
46812.129697
46812.233337
46812.336935
46812.440671
46812.544406
46812.648034
46812.751862
46812.855657
46812.959491
46813.063366
46813.167328
46813.271314
46813.375433
46813.479549
46813.583668
46813.687928
46813.792043
46813.896360
46814.000274
46814.104467
46814.208713
46814.312453
46814.416818
46814.520297
46814.623984
46814.727780
46814.831302
46814.935041
46815.038757
46815.142147
46815.245848
46815.349499
46815.453309
46815.556824
46815.660112
46815.763566
46815.866954
46815.970441
46816.073742
46816.177055
46816.280313
46816.383511
46816.486659
46816.589908
46816.693256
46816.796623
46816.900089
46817.003587
46817.107112
46817.210599
46817.314199
46817.417815
46817.521449
46817.625049
46817.728786
46817.832506
46817.936139
46818.039772
46818.143498
46818.247112
46818.350749
46818.454471
46818.558082
46818.661702
46818.765443
46818.869204
46818.972797
46819.076538
46819.180172
46819.283770
46819.387509
46819.491125
46819.594740
46819.698355
46819.801973
46819.905710
46820.009450
46820.113069
46820.216814
46820.320422
46820.424163
46820.527778
46820.631413
46820.735118
46820.838901
46820.942434
46821.046026
46821.149722
46821.253338
46821.356954
46821.460588
46821.564184
46821.667818
46821.771539
46821.875248
46821.978789
46822.082527
46822.186248
46822.289868
46822.393483
46822.497099
46822.600842
46822.704583
46822.808197
46822.911934
46823.015551
46823.119166
46823.222802
46823.326396
46823.430032
46823.533626
46823.637246
46823.740856
46823.844474
46823.948213
46824.051851
46824.155485
46824.259190
46824.362801
46824.466545
46824.570160
46824.673900
46824.777637
46824.881379
46824.984996
46825.088616
46825.192286
46825.295860
46825.399623
46825.503216
46825.606820
46825.710534
46825.814335
46825.917915
46826.021531
46826.125272
46826.228908
46826.332501
46826.436243
46826.539859
46826.643596
46826.747211
46826.851177
46826.954570
46827.058309
46827.161794
46827.265537
46827.369048
46827.472643
46827.576288
46827.679909
46827.783489
46827.887108
46827.990845
46828.094466
46828.198202
46828.301819
46828.405561
46828.509177
46828.612917
46828.716531
46828.820268
46828.923888
46829.027627
46829.131243
46829.234857
46829.338473
46829.442213
46829.545831
46829.649572
46829.753309
46829.857039
46829.960779
46830.064528
46830.168277
46830.272151
46830.376032
46830.479776
46830.583505
46830.687254
46830.790830
46830.894567
46830.998430
46831.102172
46831.205939
46831.309691
46831.413554
46831.517275
46831.621011
46831.724756
46831.828494
46831.932237
46832.035975
46832.139717
46832.243458
46832.347195
46832.450812
46832.554578
46832.658295
46832.762058
46832.865775
46832.969517
46833.073132
46833.176741
46833.280486
46833.384103
46833.487678
46833.590954
46833.694469
46833.797684
46833.901055
46834.004301
46834.107754
46834.211039
46834.314429
46834.417983
46834.521122
46834.624579
46834.727849
46834.831346
46834.934836
46835.038329
46835.141855
46835.245432
46835.348922
46835.452540
46835.556147
46835.659780
46835.763283
46835.866887
46835.970511
46836.073981
46836.177597
46836.281213
46836.384826
46836.488587
46836.592221
46836.695803
46836.799531
46836.903154
46837.006771
46837.110409
46837.214128
46837.317738
46837.421479
46837.525120
46837.628712
46837.732456
46837.836067
46837.939830
46838.043425
46838.147043
46838.250781
46838.354394
46838.458007
46838.561629
46838.665239
46838.768983
46838.872602
46838.976216
46839.079868
46839.183452
46839.287061
46839.390823
46839.494412
46839.598031
46839.701796
46839.805389
46839.909151
46840.012741
46840.116370
46840.220100
46840.323737
46840.427458
46840.531085
46840.634689
46840.738341
46840.841980
46840.945627
46841.049231
46841.152767
46841.256498
46841.360144
46841.463757
46841.567348
46841.670972
46841.774704
46841.878330
46841.981958
46842.085554
46842.189175
46842.292920
46842.396774
46842.500343
46842.603904
46842.707639
46842.811245
46842.915068
46843.018780
46843.122613
46843.226324
46843.330191
46843.434074
46843.537967
46843.642010
46843.745958
46843.849890
46843.954009
46844.057989
46844.162105
46844.266226
46844.370219
46844.474212
46844.578075
46844.681937
46844.785683
46844.889542
46844.993377
46845.096898
46845.200606
46845.304056
46845.407513
46845.511079
46845.614480
46845.717866
46845.821343
46845.924791
46846.028294
46846.131805
46846.235421
46846.339035
46846.442654
46846.546268
46846.649908
46846.753438
46846.857011
46846.960606
46847.064350
46847.167832
46847.271452
46847.375062
46847.478594
46847.582173
46847.685789
46847.789423
46847.893020
46847.996509
46848.100125
46848.203616
46848.307232
46848.410848
46848.514336
46848.617856
46848.721316
46848.824933
46848.928558
46849.032039
46849.135779
46849.239396
46849.343012
46849.446627
46849.550244
46849.653859
46849.757471
46849.861090
46849.964707
46850.068320
46850.172066
46850.275682
46850.379425
46850.483037
46850.586772
46850.690408
46850.794130
46850.897717
46851.001912
46851.104935
46851.208563
46851.312084
46851.415740
46851.519370
46851.622990
46851.726669
46851.830282
46851.934116
46852.037516
46852.141256
46852.244879
46852.348910
46852.452511
46852.555863
46852.659483
46852.763069
46852.866814
46852.970455
46853.074046
46853.177533
46853.281148
46853.384891
46853.488506
46853.592120
46853.695872
46853.799478
46853.903091
46854.006711
46854.110452
46854.214064
46854.317804
46854.421422
46854.525161
46854.628775
46854.732389
46854.836022
46854.939517
46855.043121
46855.146603
46855.250219
46855.353710
46855.457199
46855.560814
46855.664305
46855.767796
46855.871154
46855.974524
46856.077907
46856.181133
46856.284367
46856.387610
46856.490974
46856.594218
46856.697603
46856.800948
46856.904336
46857.008244
46857.111306
46857.214918
46857.318403
46857.422246
46857.525915
46857.629649
46857.733390
46857.837248
46857.941170
46858.045087
46858.149085
46858.253086
46858.357057
46858.461048
46858.565052
46858.668915
46858.772809
46858.876642
46858.980519
46859.084242
46859.188104
46859.291743
46859.395459
46859.499077
46859.602816
46859.706695
46859.810065
46859.913663
46860.017407
46860.121296
46860.224642
46860.328379
46860.431995
46860.535613
46860.639397
46860.742963
46860.846701
46860.950466
46861.054059
46861.157677
46861.261444
46861.365058
46861.468697
46861.572406
46861.675998
46861.779619
46861.883234
46861.986851
46862.090468
46862.194207
46862.297821
46862.401463
46862.505051
46862.608795
46862.712409
46862.816152
46862.919763
46863.023384
46863.127121
46863.230739
46863.334354
46863.438083
46863.541585
46863.645199
46863.748837
46863.852552
46863.956169
46864.059786
46864.163399
46864.267142
46864.370757
46864.474373
46864.578127
46864.681751
46864.785366
46864.888849
46864.992573
46865.096187
46865.199806
46865.303424
46865.407047
46865.510648
46865.614244
46865.717768
46865.821533
46865.924989
46866.028644
46866.132222
46866.235834
46866.339452
46866.443063
46866.546691
46866.650228
46866.753786
46866.857403
46866.960896
46867.064502
46867.168125
46867.271617
46867.375234
46867.478995
46867.582460
46867.686200
46867.789969
46867.893431
46867.997449
46868.100766
46868.204295
46868.307978
46868.411570
46868.515218
46868.618863
46868.722480
46868.826098
46868.929734
46869.033550
46869.137076
46869.240742
46869.344279
46869.447909
46869.551553
46869.655271
46869.758882
46869.862625
46869.966242
46870.069985
46870.173657
46870.277214
46870.380848
46870.484502
46870.588147
46870.691676
46870.795413
46870.899245
46871.002647
46871.106420
46871.210023
46871.313643
46871.417362
46871.520975
46871.624717
46871.728344
46871.832089
46871.935686
46872.039304
46872.143066
46872.246653
46872.350401
46872.454014
46872.557756
46872.661371
46872.765106
46872.868726
46872.972465
46873.076082
46873.179824
46873.283685
46873.387508
46873.491166
46873.595031
46873.698906
46873.802948
46873.906871
46874.010787
46874.114595
46874.218593
46874.322389
46874.426185
46874.529981
46874.633690
46874.737530
46874.841173
46874.945052
46875.048681
46875.152292
46875.256016
46875.359620
46875.463236
46875.566861
46875.670461
46875.774550
46875.877726
46875.981193
46876.084805
46876.188443
46876.292032
46876.395525
46876.499037
46876.602382
46876.705869
46876.809239
46876.912605
46877.015966
46877.119331
46877.222822
46877.326188
46877.429696
46877.533196
46877.636792
46877.740279
46877.843895
46877.947384
46878.050999
46878.154558
46878.257978
46878.361613
46878.465235
46878.568835
46878.672452
46878.776114
46878.879739
46878.983414
46879.086921
46879.190543
46879.294135
46879.397751
46879.501360
46879.604981
46879.708598
46879.812209
46879.915828
46880.019445
46880.123078
46880.226677
46880.330292
46880.434029
46880.537646
46880.641261
46880.745000
46880.848618
46880.952233
46881.055847
46881.159589
46881.263203
46881.366817
46881.470434
46881.574176
46881.677791
46881.781430
46881.885140
46881.988759
46882.092528
46882.196006
46882.299606
46882.403352
46882.507433
46882.610751
46882.714318
46882.818025
46882.921671
46883.025357
46883.129037
46883.234652
46883.336681
46883.440042
46883.543745
46883.647375
46883.751057
46883.854738
46883.958454
46884.062219
46884.166281
46884.269852
46884.375114
46884.477140
46884.581018
46884.684819
46884.788563
46884.892244
46884.996028
46885.099801
46885.203485
46885.307143
46885.410840
46885.514546
46885.618206
46885.721825
46885.825563
46885.929290
46886.032888
46886.136760
46886.240275
46886.343762
46886.447754
46886.550876
46886.654604
46886.757945
46886.861450
46886.964933
46887.068421
46887.171908
46887.275469
46887.378892
46887.482382
46887.586022
46887.689386
46887.792852
46887.896243
46887.999585
46888.102949
46888.206442
46888.309808
46888.413047
46888.516412
46888.619655
46888.723017
46888.826258
46888.929649
46889.032988
46889.136232
46889.239599
46889.342836
46889.446202
46889.549491
46889.652809
46889.756752
46889.859523
46889.962855
46890.066139
46890.169806
46890.273014
46890.376748
46890.480103
46890.583598
46890.687325
46890.790712
46890.894376
46890.997952
46891.101784
46891.205359
46891.309155
46891.412898
46891.516822
46891.620724
46891.724616
46891.828641
46891.932715
46892.036691
46892.140655
46892.244685
46892.348665
46892.452842
46892.556571
46892.660403
46892.764288
46892.868010
46892.971748
46893.075491
46893.179231
46893.282993
46893.386712
46893.490325
46893.594065
46893.697682
46893.801365
46893.904915
46894.008556
46894.112152
46894.215890
46894.319510
46894.423248
46894.526953
46894.630604
46894.734216
46894.837876
46894.941595
46895.045212
46895.148949
46895.252545
46895.356287
46895.459913
46895.563513
46895.667276
46895.770879
46895.874549
46895.978241
46896.081806
46896.185335
46896.289230
46896.392586
46896.496476
46896.599918
46896.703583
46896.807274
46896.910983
46897.014398
46897.118084
46897.221625
46897.325266
46897.428839
46897.532454
46897.636151
46897.739809
46897.843420
46897.947058
46898.050655
46898.154398
46898.258025
46898.361651
46898.465386
46898.568987
46898.672735
46898.776468
46898.880208
46898.983844
46899.087565
46899.191323
46899.294919
46899.398679
46899.502271
46899.605890
46899.709527
46899.813244
46899.916865
46900.020478
46900.124237
46900.227835
46900.331573
46900.435190
46900.538929
46900.642668
46900.746287
46900.850028
46900.953643
46901.057257
46901.160868
46901.264632
46901.368355
46901.472051
46901.575728
46901.679507
46901.783185
46901.887055
46901.990796
46902.094595
46902.198274
46902.302140
46902.405946
46902.509623
46902.613364
46902.717102
46902.820717
46902.924333
46903.027952
46903.131563
46903.235056
46903.338673
46903.442164
46903.545652
46903.649144
46903.752508
46903.855753
46903.958998
46904.062231
46904.165347
46904.268588
46904.371830
46904.475069
46904.578454
46904.681800
46904.785164
46904.888655
46904.992168
46905.095638
46905.199303
46905.302871
46905.406482
46905.510096
46905.613719
46905.717337
46905.820964
46905.924558
46906.028300
46906.131922
46906.235531
46906.339296
46906.442884
46906.546642
46906.650241
46906.754003
46906.857602
46906.961371
46907.065524
46907.168581
46907.272311
46907.376014
46907.479699
46907.583285
46907.687031
46907.790639
46907.894249
46907.997865
46908.101526
46908.205128
46908.308862
46908.412457
46908.516071
46908.619812
46908.723534
46908.827166
46908.930809
46909.034400
46909.138140
46909.241773
46909.345370
46909.449008
46909.552601
46909.656218
46909.759977
46909.863722
46909.967490
46910.070924
46910.174672
46910.278391
46910.382022
46910.485641
46910.589383
46910.692996
46910.796700
46910.900370
46911.004006
46911.107605
46911.211203
46911.314817
46911.418430
46911.522045
46911.625789
46911.729401
46911.833039
46911.936664
46912.040249
46912.143988
46912.247607
46912.351344
46912.454973
46912.558713
46912.662315
46912.766055
46912.869672
46912.973416
46913.077038
46913.180648
46913.284381
46913.388006
46913.491600
46913.595230
46913.698993
46913.802577
46913.906355
46914.010139
46914.113787
46914.217234
46914.321008
46914.424776
46914.528212
46914.631775
46914.735545
46914.838863
46914.942362
46915.045971
46915.149496
46915.252945
46915.356344
46915.459555
46915.562856
46915.666032
46915.769149
46915.872266
46915.975506
46916.078998
46916.182077
46916.285414
46916.388769
46916.492196
46916.595471
46916.698946
46916.802379
46916.905823
46917.009315
46917.112928
46917.216536
46917.320283
46917.424127
46917.528117
46917.632108
46917.736291
46917.840463
46917.944664
46918.048942
46918.153188
46918.257428
46918.361663
46918.465755
46918.569839
46918.673777
46918.777802
46918.881620
46918.985591
46919.089407
46919.193427
46919.297145
46919.400948
46919.504690
46919.608481
46919.712190
46919.815923
46919.919527
46920.023141
46920.126876
46920.230495
46920.334115
46920.437732
46920.541471
46920.645086
46920.748723
46920.852441
46920.956058
46921.059697
46921.163289
46921.266904
46921.370535
46921.474129
46921.577764
46921.681359
46921.784975
46921.888593
46921.992220
46922.095948
46922.199565
46922.303179
46922.406795
46922.510407
46922.614169
46922.717765
46922.821524
46922.925134
46923.028737
46923.132478
46923.236090
46923.339832
46923.443441
46923.547065
46923.650822
46923.754420
46923.858178
46923.961775
46924.065390
46924.169134
46924.272765
46924.376366
46924.480102
46924.583732
46924.687481
46924.791072
46924.894564
46924.998182
46925.101735
46925.205180
46925.308777
46925.412270
46925.515889
46925.619519
46925.723245
46925.826916
46925.930595
46926.034564
46926.138241
46926.241694
46926.345447
46926.449188
46926.553089
46926.656532
46926.760392
46926.864012
46926.967759
46927.071534
46927.175170
46927.279156
46927.382358
46927.486096
46927.589693
46927.693440
46927.797177
46927.900914
46928.004577
46928.108290
46928.211907
46928.315503
46928.419133
46928.522607
46928.626221
46928.729848
46928.833451
46928.936946
46929.040563
46929.144051
46929.247539
46929.351161
46929.454646
46929.558282
46929.661878
46929.765493
46929.869237
46929.972909
46930.076503
46930.180102
46930.283819
46930.387435
46930.491050
46930.594789
46930.699180
46930.802102
46930.905793
46931.009424
46931.113097
46931.216698
46931.320244
46931.423987
46931.527594
46931.631198
46931.734939
46931.838560
46931.942312
46932.046005
46932.149544
46932.253310
46932.356947
46932.460494
46932.564234
46932.667876
46932.771522
46932.875097
46932.978821
46933.082455
46933.186214
46933.289815
46933.393442
46933.497111
46933.600648
46933.704277
46933.807894
46933.911668
46934.015111
46934.118861
46934.222475
46934.326170
46934.429707
46934.533428
46934.637062
46934.740658
46934.844401
46934.948018
46935.051631
46935.155249
46935.258862
46935.362499
46935.466220
46935.569834
46935.673449
46935.777071
46935.880750
46935.984384
46936.088035
46936.191779
46936.295412
46936.399135
46936.502748
46936.606484
46936.710105
46936.813744
46936.917459
46937.021095
46937.124817
46937.228451
46937.332048
46937.435664
46937.539296
46937.642895
46937.746530
46937.850146
46937.953866
46938.057478
46938.161218
46938.264961
46938.368578
46938.472336
46938.576058
46938.679910
46938.783661
46938.887279
46938.991021
46939.094761
46939.198395
46939.301991
46939.405604
46939.509221
46939.612718
46939.716333
46939.819824
46939.923439
46940.027056
46940.130546
46940.234160
46940.337796
46940.441263
46940.544878
46940.648375
46940.751865
46940.855478
46940.959097
46941.062709
46941.166450
46941.270064
46941.373807
46941.477427
46941.581288
46941.685035
46941.788769
46941.892509
46941.996372
46942.100126
46942.203730
46942.307515
46942.411225
46942.514823
46942.618572
46942.722202
46942.825994
46942.929548
46943.033281
46943.136912
46943.240536
46943.344273
46943.447865
46943.551382
46943.654995
46943.758584
46943.862082
46943.965692
46944.069182
46944.172548
46944.276036
46944.379470
46944.482771
46944.586257
46944.689624
46944.793097
46944.896354
46944.999846
46945.103116
46945.206581
46945.309945
46945.413310
46945.516679
46945.620168
46945.723544
46945.827022
46945.930575
46946.034003
46946.137490
46946.240984
46946.344640
46946.448091
46946.551725
46946.655446
46946.759063
46946.862801
46946.966661
46947.070575
46947.174273
46947.278161
46947.381880
46947.485745
46947.589486
46947.693235
46947.797084
46947.900833
46948.004571
46948.108336
46948.212177
46948.316043
46948.419912
46948.523773
46948.627641
46948.731409
46948.835120
46948.938747
46949.042479
46949.146096
46949.249712
46949.353343
46949.456813
46949.560452
46949.664067
46949.767662
46949.871152
46949.974770
46950.078446
46950.181999
46950.285610
46950.389252
46950.492866
46950.596460
46950.700198
46950.803816
46950.907457
46951.011049
46951.114663
46951.218279
46951.321892
46951.425507
46951.529000
46951.632635
46951.736233
46951.839869
46951.943513
46952.047100
46952.150689
46952.254309
46952.357926
46952.461535
46952.565154
46952.668799
46952.772385
46952.876125
46952.979734
46953.083353
46953.186968
46953.290585
46953.394201
46953.497837
46953.601434
46953.705043
46953.808678
46953.912277
46954.015902
46954.119571
46954.223125
46954.326741
46954.430351
46954.533979
46954.637589
46954.741077
46954.844696
46954.948320
46955.051921
46955.155535
46955.259159
46955.362766
46955.466391
46955.570002
46955.673504
46955.777106
46955.880721
46955.984212
46956.087827
46956.191444
46956.295080
46956.398716
46956.502287
46956.605781
46956.709398
46956.813132
46956.916752
46957.020392
46957.123985
46957.227598
46957.331215
46957.434828
46957.539185
46957.642104
46957.745681
46957.849295
46957.952931
46958.056542
46958.160161
46958.263765
46958.367370
46958.471107
46958.574726
46958.678362
46958.781956
46958.885568
46958.989189
46959.092807
46959.196417
46959.300258
46959.403714
46959.507272
46959.610902
46959.714496
46959.818154
46959.921828
46960.025336
46960.128957
46960.232575
46960.336189
46960.439930
46960.543546
46960.647161
46960.750778
46960.854389
46960.958008
46961.061619
46961.165234
46961.268727
46961.372342
46961.475955
46961.579450
46961.683082
46961.786681
46961.890418
46961.994034
46962.097664
46962.201266
46962.304953
46962.408529
46962.512131
46962.615939
46962.719468
46962.823083
46962.926695
46963.030445
46963.134050
46963.237673
46963.341298
46963.444926
46963.548517
46963.652133
46963.755750
46963.859243
46963.962880
46964.066470
46964.170089
46964.273703
46964.377321
46964.480984
46964.584444
46964.688043
46964.791652
46964.895290
46964.998895
46965.102533
46965.206118
46965.309731
46965.413467
46965.517106
46965.620696
46965.724440
46965.828079
46965.931801
46966.035416
46966.139030
46966.242782
46966.346405
46966.449998
46966.553617
46966.657255
46966.760847
46966.864465
46966.968080
46967.071699
46967.175303
46967.278947
46967.382540
46967.486034
46967.589669
46967.693260
46967.796771
46967.900372
46968.004001
46968.107598
46968.211267
46968.314827
46968.418441
46968.522061
46968.625674
46968.729429
46968.833032
46968.936662
46969.040261
46969.143878
46969.247616
46969.351233
46969.454848
46969.558587
46969.662216
46969.765944
46969.869561
46969.973240
46970.076793
46970.180534
46970.284146
46970.387886
46970.491512
46970.595124
46970.698757
46970.802474
46970.906113
46971.009707
46971.113318
46971.216815
46971.320425
46971.424044
46971.527684
46971.631400
46971.735015
46971.838633
46971.942242
46972.045997
46972.149604
46972.253218
46972.356979
46972.460574
46972.564321
46972.667931
46972.771683
46972.875286
46972.979026
46973.082662
46973.186258
46973.289746
46973.393364
46973.497002
46973.600608
46973.704206
46973.807864
46973.911443
46974.015056
46974.118694
46974.222412
46974.326026
46974.429765
46974.533382
46974.637042
46974.740612
46974.844351
46974.947966
46975.051590
46975.155210
46975.258820
46975.362431
46975.466049
46975.569784
46975.673275
46975.776915
46975.880531
46975.984124
46976.087738
46976.191230
46976.294847
46976.398460
46976.502075
46976.605711
46976.709311
46976.812947
46976.916539
46977.020154
46977.123786
46977.227382
46977.330995
46977.434882
46977.538234
46977.641712
46977.745330
46977.848949
46977.952585
46978.056185
46978.159798
46978.263406
46978.367028
46978.470644
46978.574380
46978.678017
46978.781614
46978.885227
46978.988914
46979.092462
46979.196078
46979.299816
46979.403433
46979.507052
46979.610673
46979.714405
46979.818021
46979.921631
46980.025268
46980.128875
46980.232605
46980.336221
46980.439835
46980.543451
46980.647070
46980.750700
46980.854422
46980.957913
46981.061653
46981.165290
46981.268775
46981.372501
46981.476116
46981.579729
46981.683366
46981.786964
46981.890578
46981.994318
46982.097932
46982.201569
46982.305187
46982.408927
46982.512520
46982.616158
46982.719749
46982.823366
46982.926982
46983.030723
46983.134355
46983.237959
46983.341573
46983.445194
46983.548806
46983.652420
46983.756039
46983.859679
46983.963350
46984.066875
46984.170638
46984.274230
46984.377887
46984.481478
46984.585085
46984.688861
46984.792453
46984.896053
46984.999685
46985.103410
46985.207023
46985.310639
46985.414253
46985.517869
46985.621610
46985.725225
46985.828963
46985.932582
46986.036217
46986.139812
46986.243477
46986.347120
46986.450654
46986.554274
46986.657888
46986.761690
46986.865055
46986.968631
46987.072159
46987.175589
46987.279224
46987.382697
46987.486199
46987.589729
46987.693203
46987.796791
46987.900332
46988.003894
46988.107395
46988.210996
46988.314544
46988.418225
46988.521841
46988.625587
46988.729325
46988.833199
46988.936810
46989.040597
46989.144177
46989.247908
46989.351646
46989.455386
46989.559255
46989.663124
46989.766986
46989.870977
46989.975228
46990.078953
46990.182814
46990.286682
46990.390548
46990.494321
46990.598040
46990.701788
46990.805513
46990.909320
46991.012871
46991.116485
46991.220100
46991.323768
46991.427267
46991.530821
46991.634445
46991.738055
46991.841818
46991.945286
46992.049021
46992.152659
46992.256253
46992.359874
46992.463486
46992.567230
46992.670839
46992.774459
46992.878074
46992.981565
46993.085097
46993.188666
46993.292160
46993.395652
46993.499163
46993.602632
46993.706146
46993.809736
46993.913230
46994.016718
46994.120332
46994.223867
46994.327323
46994.430806
46994.534422
46994.637912
46994.741400
46994.845035
46994.948599
46995.052090
46995.155494
46995.259102
46995.362719
46995.466333
46995.569958
46995.673561
46995.777178
46995.880726
46995.984282
46996.087895
46996.191513
46996.295135
46996.398894
46996.502492
46996.606359
46996.710173
46996.813932
46996.917575
46997.021423
46997.125097
46997.228929
46997.332753
46997.436550
46997.540264
46997.644006
46997.747627
46997.851387
46997.954979
46998.058747
46998.162359
46998.265991
46998.369695
46998.473189
46998.576800
46998.680415
46998.784155
46998.887769
46998.991387
46999.095026
46999.198742
46999.302359
46999.406097
46999.509714
46999.613329
46999.717069
46999.820687
46999.924319
47000.027941
47000.131658
47000.235274
47000.338888
47000.442730
47000.546252
47000.649878
47000.753469
47000.857086
47000.960702
47001.064342
47001.168071
47001.271673
47001.375163
47001.478781
47001.582393
47001.686016
47001.789625
47001.893244
47001.996867
47002.100473
47002.204087
47002.307709
47002.411317
47002.515060
47002.618673
47002.722273
47002.826032
47002.929650
47003.033266
47003.137000
47003.240624
47003.344237
47003.447851
47003.551463
47003.654958
47003.758619
47003.862219
47003.965866
47004.069412
47004.173158
47004.276772
47004.380515
47004.484126
47004.587872
47004.691489
47004.795223
47004.898839
47005.002483
47005.106078
47005.209686
47005.313306
47005.416919
47005.520659
47005.624275
47005.727891
47005.831506
