46534.997992704
46535.097991168
46535.197989632
46535.297988096
46535.39798656
46535.497985024
46535.597983488
46535.697981952
46535.797980416
46535.89797888
46535.997977344
46536.097975808
46536.197974272
46536.297972736
46536.397971133
46536.497991932
46536.59796822
46536.697943256
46536.807944446
46536.907941256
46537.007950381
46537.117925677
46537.217986461
46537.3280593
46537.428084571
46537.527898619
46537.637833453
46537.737830929
46537.83785118
46537.947877097
46538.047781691
46538.157774126
46538.25776172
46538.357762246
46538.467817282
46538.567739465
46538.667741865
46538.777711237
46538.877699799
46538.977718541
46539.087671841
46539.18766014
46539.297647734
46539.397620309
46539.497665177
46539.607629322
46539.707622891
46539.80760253
46539.917658089
46540.017664084
46540.117592857
46540.227554731
46540.327573292
46540.437704157
46540.537538527
46540.637482823
46540.747484907
46540.84744712
46540.947701222
46541.0574645
46541.15770316
46541.267523231
46541.367423447
46541.467529842
46541.577396223
46541.677360121
46541.777383681
46541.887410636
46541.987453036
46542.087447487
46542.197300914
46542.297327378
46542.407271003
46542.507327893
46542.607273906
46542.717402358
46542.817363613
46542.91735977
46543.027273616
46543.127206395
46543.237203587
46543.337180441
46543.437343237
46543.547230829
46543.647159949
46543.747134758
46543.85718583
46543.957298778
46544.057081229
46544.167082062
46544.267098205
46544.377079059
46544.477186399
46544.577021081
46544.687009738
46544.787097172
46544.897044368
46544.997021478
46545.096998711
46545.206969256
46545.306925757
46545.406977243
46545.51717972
46545.616908497
46545.726927563
46545.826944371
46545.926985881
46546.036912865
46546.136851727
46546.246844451
46546.346847924
46546.447037799
46546.556819401
46546.656800762
46546.766793581
46546.866781044
46546.96682699
46547.0767813
46547.176746616
46547.276750394
46547.38676858
46547.486907472
46547.586711064
46547.696698644
46547.796721843
46547.896639378
46548.006707624
46548.106680626
46548.206643875
46548.31672894
46548.416685553
46548.526663899
46548.626606372
46548.726590925
46548.836564258
46548.936754222
46549.036521914
46549.146512313
46549.246529249
46549.346517811
46549.456576834
46549.556472917
46549.666545553
46549.766464026
46549.866434665
46549.976471566
46550.076410719
46550.176436672
46550.286389074
46550.386426852
46550.496434469
46550.59641207
46550.69638173
46550.806337493
46550.906329661
46551.006389319
46551.116350908
46551.216403191
46551.316314333
46551.426428693
46551.526273195
46551.636268653
46551.736219229
46551.83622495
46551.946320387
46552.046204333
46552.14623709
46552.256159062
46552.356158191
46552.466332105
46552.566132427
46552.666145601
46552.776138974
46552.876072479
46552.976102792
46553.086062138
46553.186057792
46553.296038327
46553.396037049
46553.496076111
46553.606091959
46553.706020743
46553.805973019
46553.916121285
46554.015983814
46554.115941996
46554.225983545
46554.32596788
46554.436135398
46554.5359265
46554.635885967
46554.745886993
46554.845868263
46554.94607049
46555.055843543
46555.155835905
46555.255826461
46555.365812286
46555.466008999
46555.565788469
46555.675783081
46555.775783832
46555.87577056
46555.985866587
46556.08572554
46556.19571983
46556.295700968
46556.395688866
46556.505747585
46556.605669832
46556.705675392
46556.815785576
46556.915895461
46557.015824099
46557.125640866
46557.225632533
46557.335604712
46557.435755165
46557.535618377
46557.645593142
46557.745583977
46557.855511257
46557.955660308
46558.065545126
46558.165519835
46558.265487433
46558.375507284
46558.47568977
46558.575506849
46558.685461097
46558.785465918
46558.89540566
46558.995435163
46559.095429741
46559.205421074
46559.305401961
46559.405358099
46559.515404823
46559.615373617
46559.725326198
46559.82533867
46559.92542598
46560.035381661
46560.135312721
46560.235270515
46560.345300655
46560.445447117
46560.545216101
46560.655205282
46560.755203879
46560.8651728
46560.965225713
46561.065198779
46561.175158728
46561.275129617
46561.375167459
46561.485166453
46561.5851165
46561.695102317
46561.795091024
46561.895058239
46562.005130792
46562.105043134
46562.205018284
46562.315162952
46562.415130925
46562.515026446
46562.625015375
46562.724976475
46562.834994068
46562.935016706
46563.034993647
46563.144942914
46563.24491483
46563.344977027
46563.455126483
46563.554877169
46563.664866228
46563.764892048
46563.86488682
46563.974878825
46564.074827689
46564.174811832
46564.284852019
46564.384892608
46564.484990805
46564.594821093
46564.694750633
46564.804748509
46564.904758551
46565.004804479
46565.114723337
46565.214790778
46565.314850239
46565.424810936
46565.524765679
46565.624746503
46565.734637592
46565.834604158
46565.944770987
46566.044634797
46566.144601743
46566.254580371
46566.354642351
46566.454793397
46566.564595404
46566.664585416
46566.774533545
46566.874529837
46566.974520917
46567.084485561
46567.184533368
46567.28446389
46567.394464207
46567.494594196
46567.594419576
46567.704457408
46567.804406962
46567.914503024
46568.01462298
46568.114559324
46568.22438828
46568.324321418
46568.424503533
46568.534352764
46568.634318836
46568.744290347
46568.844267981
46568.944439127
46569.054255024
46569.154242123
46569.254231206
46569.364273714
46569.464524192
46569.574258916
46569.674177446
46569.774221424
46569.884162516
46569.984195568
46570.084155451
46570.194128021
46570.294134985
46570.394141882
46570.504129767
46570.604061921
46570.714115042
46570.814109893
46570.918476544
46571.022843392
46571.127209984
46571.231576576
46571.335943168
46571.44030976
46571.544676352
46571.6490432
46571.753410048
46571.85777664
46571.962143232
46572.066509824
46572.170876416
46572.275243008
46572.379609856
46572.483976376
46572.573838103
46572.683889205
46572.783832132
46572.883801894
46572.993865899
46573.093835636
46573.193847289
46573.303847217
46573.403824578
46573.513993188
46573.613880402
46573.71392348
46573.823747505
46573.92396279
46574.023833039
46574.133741593
46574.233644921
46574.333730843
46574.443860162
46574.543673931
46574.653637662
46574.75366829
46574.85359075
46574.963643045
46575.063590791
46575.163610487
46575.27365538
46575.373579477
46575.483670325
46575.583552214
46575.683521012
46575.79348218
46575.893471092
46575.993506084
46576.103457911
46576.203473487
46576.313547127
46576.41369831
46576.513631626
46576.623447085
46576.723434349
46576.823438518
46576.933563133
46577.033449354
46577.133372128
46577.243325229
46577.343312101
46577.443502998
46577.553285477
46577.653273636
46577.763266876
46577.863314042
46577.963429832
46578.073243049
46578.173282276
46578.273233513
46578.383201447
46578.483399868
46578.583233775
46578.693170524
46578.793129246
46578.893130647
46579.003153059
46579.103169311
46579.203104494
46579.313170451
46579.413228889
46579.523151483
46579.623089677
46579.723125866
46579.833028155
46579.933242601
46580.03303737
46580.14299213
46580.242995223
46580.352953493
46580.453139531
46580.552967811
46580.662974316
46580.762920411
46580.872895673
46580.972946746
46581.072878926
46581.182930613
46581.282851361
46581.392930348
46581.492930486
46581.592863134
46581.702943213
46581.802832296
46581.912982738
46582.013006763
46582.112810918
46582.22278984
46582.322764538
46582.423072677
46582.532775854
46582.632715754
46582.742694979
46582.842678186
46582.942897357
46583.052708931
46583.152722524
46583.252675065
46583.362685712
46583.462820566
46583.562621374
46583.672646204
46583.772658725
46583.88258992
46583.982612209
46584.082559613
46584.192529148
46584.292584117
46584.392566118
46584.502599873
46584.60253191
46584.702531135
46584.812561345
46584.91264702
46585.022545564
46585.122437537
46585.222419339
46585.332402957
46585.432629155
46585.532425912
46585.642370565
46585.742360538
46585.852380614
46585.952459744
46586.052312545
46586.162318417
46586.262318174
46586.362288542
46586.472455605
46586.57232473
46586.672257069
46586.782277829
46586.882273492
46586.992337559
46587.092243968
46587.192190886
46587.302259436
46587.402200852
46587.502190999
46587.612189731
46587.712243869
46587.822138637
46587.922282496
46588.022112713
46588.132090834
46588.232072664
46588.332043302
46588.442195005
46588.542062743
46588.642025437
46588.751994367
46588.852004431
46588.962015061
46589.06199975
46589.162010553
46589.272062843
46589.371952879
46589.472085838
46589.581910193
46589.681900881
46589.79195977
46589.891872729
46589.991909748
46590.101927047
46590.201831361
46590.301836118
46590.412001999
46590.511992826
46590.611795301
46590.721789327
46590.82199885
46590.931992703
46591.031788766
46591.131814252
46591.241758644
46591.341799877
46591.441906026
46591.551722963
46591.651712335
46591.751669971
46591.861666939
46591.961663102
46592.071631528
46592.171651249
46592.27164875
46592.381680632
46592.481844707
46592.581616953
46592.69167037
46592.791604784
46592.90159443
46593.001619581
46593.101616652
46593.211505818
46593.311608724
46593.411570767
46593.521504197
46593.621473396
46593.72147733
46593.831437595
46593.931564271
46594.041404166
46594.141420087
46594.241386133
46594.351394806
46594.45156789
46594.551366581
46594.661375416
46594.761343296
46594.87128791
46594.971353253
46595.071332914
46595.181313845
46595.281266941
46595.381302822
46595.491316039
46595.591215566
46595.701243304
46595.801168231
46595.901209267
46596.011404143
46596.111234333
46596.211199706
46596.321158691
46596.421251571
46596.531172987
46596.631112474
46596.731100491
46596.84109398
46596.94116204
46597.041136947
46597.15102912
46597.251044498
46597.351029201
46597.461147441
46597.561003705
46597.661037177
46597.770983146
46597.870936657
46597.971034268
46598.08091748
46598.180941443
46598.280941448
46598.39090753
46598.491167127
46598.600893693
46598.70086621
46598.800846634
46598.91091793
46599.010954575
46599.110873097
46599.220913385
46599.320824482
46599.421021619
46599.530820583
46599.630816909
46599.750817752
46599.840860507
46599.940824332
46600.050753172
46600.150761788
46600.250721952
46600.360694802
46600.460830871
46600.570675602
46600.67070323
46600.770688447
46600.880675823
46600.980691587
46601.080626428
46601.190623444
46601.290594113
46601.390665286
46601.500762735
46601.600571221
46601.710611844
46601.810648645
46601.910744319
46602.020627077
46602.120506273
46602.220534627
46602.330472798
46602.430559868
46602.540447378
46602.640427331
46602.740469351
46602.850446844
46602.950473253
46603.050382369
46603.160387475
46603.260365379
46603.360366519
46603.470581011
46603.570355206
46603.680375281
46603.780343338
46603.880335766
46603.990344132
46604.090276041
46604.190260526
46604.300236121
46604.400277694
46604.500337366
46604.610401887
46604.710200057
46604.820200909
46604.920432711
46605.020209853
46605.130180476
46605.230145611
46605.330132464
46605.44022423
46605.54011923
46605.650103636
46605.750123394
46605.850099619
46605.960070321
46606.060099093
46606.160039251
46606.270001766
46606.370008166
46606.470099252
46606.579975873
46606.680010886
46606.789967546
46606.889932982
46606.989982686
46607.099935848
46607.19990044
46607.299905045
46607.410137769
46607.51009128
46607.610069968
46607.719908525
46607.819865886
46607.92991721
46608.029858891
46608.129803402
46608.23983109
46608.339807422
46608.439998937
46608.549754969
46608.649758111
46608.759756545
46608.859733537
46608.959782912
46609.069722727
46609.169745001
46609.269684021
46609.379688613
46609.479881725
46609.579645029
46609.689660393
46609.78967427
46609.89972217
46609.999641545
46610.099599607
46610.209699788
46610.309677832
46610.409725076
46610.519580807
46610.619580429
46610.719513134
46610.82948046
46610.929634465
46611.029479762
46611.139571262
46611.239468545
46611.339482563
46611.449553534
46611.54940713
46611.649412529
46611.759402106
46611.859372962
46611.969397566
46612.06935108
46612.169389007
46612.279347493
46612.379334619
46612.479552683
46612.589304354
46612.689291055
46612.789286621
46612.899312097
46612.999338586
46613.109247648
46613.20927285
46613.309348734
46613.419372931
46613.519287221
46613.62918846
46613.729160657
46613.839162506
46613.939296729
46614.039127067
46614.149134459
46614.249090542
46614.359112154
46614.459307884
46614.559064355
46614.669042424
46614.769055053
46614.869040433
46614.979050922
46615.079028547
46615.179070698
46615.289009401
46615.388981775
46615.499013644
46615.598974138
46615.698973187
46615.808972768
46615.908980383
46616.008945345
46616.118929637
46616.219018186
46616.328929327
46616.429109386
46616.528881849
46616.638900515
46616.738905354
46616.838825148
46616.949051271
46617.048857277
46617.148840665
46617.258842461
46617.358772331
46617.468981899
46617.56875196
46617.668721981
46617.778748251
46617.878702298
46617.978785658
46618.088722043
46618.188723838
46618.288710336
46618.398700994
46618.498750274
46618.608621632
46618.708786909
46618.808692352
46618.918739854
46619.018661818
46619.118609373
46619.228599784
46619.328563957
46619.438680467
46619.538573494
46619.638568955
46619.748518401
46619.848532816
46619.948571628
46620.058502069
46620.1584357
46620.258472447
46620.368456942
46620.468621508
46620.578439321
46620.678383215
46620.778384906
46620.888349404
46620.988431795
46621.088332215
46621.198389713
46621.298393669
46621.398322779
46621.508486616
46621.608489132
46621.718269436
46621.818283669
46621.918406631
46622.028236324
46622.128235136
46622.22819527
46622.338189447
46622.438221989
46622.548165396
46622.648133488
46622.748129287
46622.858161874
46622.958167946
46623.05811234
46623.168138459
46623.268168029
46623.378086901
46623.478357146
46623.57808135
46623.688077713
46623.787993468
46623.888010029
46623.998043323
46624.098066159
46624.198045451
46624.308083602
46624.408105615
46624.518000071
46624.617949801
46624.717893965
46624.827957805
46624.928072463
46625.027889543
46625.137955765
46625.237866187
46625.347848531
46625.448066781
46625.54782912
46625.657866614
46625.757821321
46625.85781196
46625.967854923
46626.067755599
46626.167789491
46626.27773314
46626.377731186
46626.487769217
46626.587715929
46626.687718084
46626.797682948
46626.897692453
46626.997749886
46627.107720105
46627.207620531
46627.307694204
46627.417883729
46627.517666861
46627.627587437
46627.727576938
46627.827585399
46627.937724035
46628.037601542
46628.13760202
46628.247523617
46628.347505827
46628.447614982
46628.557475676
46628.65749358
46628.767489411
46628.867486471
46628.967484955
46629.077433634
46629.177428352
46629.277389951
46629.387400979
46629.487601497
46629.59745558
46629.697431634
46629.797350915
46629.907510518
46630.007550262
46630.10733435
46630.21730683
46630.317588277
46630.417455947
46630.527293972
46630.627225882
46630.737233667
46630.837256064
46630.937295817
46631.04717725
46631.147251921
46631.247221211
46631.357223967
46631.457355985
46631.557149074
46631.667202769
46631.767116643
46631.877130578
46631.977162847
46632.077100666
46632.187039537
46632.287083081
46632.387065533
46632.497060523
46632.597016655
46632.697041648
46632.8071205
46632.907061352
46633.007092295
46633.116983293
46633.216942931
46633.316948768
46633.426984476
46633.526951146
46633.62690333
46633.736872162
46633.836864099
46633.94704397
46634.046895114
46634.146907952
46634.256884755
46634.356834359
46634.457002435
46634.566804975
46634.66685383
46634.776773882
46634.876782275
46634.976840403
46635.086776309
46635.186753493
46635.296706212
46635.396698815
46635.496751651
46635.60671163
46635.706703556
46635.816691859
46635.916727841
46636.016685543
46636.126610386
46636.226616763
46636.32663799
46636.43670121
46636.536618511
46636.646636676
46636.746553155
46636.846577071
46636.95654438
46637.056542562
46637.156515669
46637.266558731
46637.366502134
46637.476713577
46637.576550577
46637.676509631
46637.78649381
46637.886485786
46637.986515598
46638.096474703
46638.196421946
46638.296379785
46638.406550934
46638.506620731
46638.616364604
46638.716376936
46638.816377439
46638.92650897
46639.026331119
46639.126284435
46639.236279088
46639.336240944
46639.436410918
46639.546235883
46639.646274734
46639.756207679
46639.856192927
46639.956348809
46640.066233411
46640.166157626
46640.266150111
46640.376187917
46640.476372641
46640.586116754
46640.686104066
46640.786138983
46640.896352188
46640.996102152
46641.096091946
46641.206095776
46641.306125141
46641.40618392
46641.516038078
46641.616003111
46641.725973217
46641.825972818
46641.926151463
46642.035961106
46642.135941653
46642.23591001
46642.345906382
46642.445999019
46642.555879231
46642.655937087
46642.755891384
46642.865901879
46642.965960254
46643.065921214
46643.175885766
46643.275841155
46643.385828994
46643.485856175
46643.585760806
46643.69574712
46643.795790079
46643.895748879
46644.005784869
46644.105745335
46644.20571198
46644.315692709
46644.415893105
46644.52572007
46644.625702051
46644.725719436
46644.835703141
46644.935832591
46645.035607274
46645.145597241
46645.245620115
46645.355576096
46645.455755152
46645.555564363
46645.665643153
46645.765526324
46645.865497333
46645.975526335
46646.075488084
46646.185476654
46646.285469681
46646.385459881
46646.49550751
46646.595434329
46646.695427727
46646.805455369
46646.905639033
46647.005424118
46647.115380772
46647.215397808
46647.325354987
46647.42551526
46647.52536701
46647.635299863
46647.735299212
46647.835297909
46647.945315659
46648.045263827
46648.145285383
46648.255249307
46648.355264557
46648.465301676
46648.56525489
46648.665199108
46648.77525896
46648.875172678
46648.975202368
46649.085214874
46649.185200518
46649.28514723
46649.395121924
46649.495199262
46649.605083413
46649.705075719
46649.805127351
46649.915173287
46650.015136457
46650.11503005
46650.225054065
46650.3250563
46650.425130504
46650.535032545
46650.634968344
46650.734960958
46650.844928553
46650.945101881
46651.054946866
46651.154943162
46651.254924933
46651.364929586
46651.465035944
46651.564913671
46651.674891765
46651.774943268
46651.874885166
46651.984919279
46652.08480283
46652.184800861
46652.294808449
46652.394782608
46652.494875837
46652.604780546
46652.704765404
46652.814773117
46652.915010295
46653.014824375
46653.124724451
46653.224741054
46653.324702943
46653.434836846
46653.534737179
46653.64469208
46653.744625065
46653.844589385
46653.954632407
46654.054666366
46654.164581902
46654.264585521
46654.364566702
46654.474778807
46654.574532317
46654.674589912
46654.784504901
46654.884492064
46654.994515538
46655.094510176
46655.194450214
46655.304468105
46655.404679828
46655.504794826
46655.61444692
46655.714435177
46655.824355581
46655.924451907
46656.024402976
46656.134432072
46656.234343621
46656.334360727
46656.444523311
46656.544293619
46656.6443037
46656.75426864
46656.854275086
46656.96430711
46657.064248951
46657.164242029
46657.274233223
46657.374214766
46657.474322291
46657.584198932
46657.684205517
46657.794157617
46657.894193025
46657.994175754
46658.104109175
46658.204116679
46658.304099863
46658.41430708
46658.514078193
46658.614108122
46658.7240976
46658.824029045
46658.934220387
46659.034003538
46659.134004841
46659.243985686
46659.34397374
46659.444233815
46659.553983915
46659.653996023
46659.763957403
46659.86396915
46659.963933738
46660.073911052
46660.173914263
46660.273911895
46660.383851507
46660.483902056
46660.583857174
46660.693813087
46660.793816836
46660.903882976
46661.003825574
46661.10379681
46661.213787769
46661.313758458
46661.41388983
46661.523825164
46661.623728543
46661.723715686
46661.833694244
46661.933768147
46662.033714375
46662.143726502
46662.243733757
46662.353654653
46662.453735563
46662.553619734
46662.663644254
46662.76362845
46662.863571601
46662.973609817
46663.073598697
46663.173623999
46663.28358282
46663.383546857
46663.493545595
46663.593473628
46663.693477424
46663.803461073
46663.903546589
46664.003482851
46664.113456964
46664.213429076
46664.323417098
46664.423593752
46664.523420444
46664.633396167
46664.73348351
46664.843348855
46664.943546131
46665.043336471
46665.15337457
46665.253329988
46665.363378935
46665.463480845
46665.563272791
46665.673274647
46665.773301363
46665.883229925
46665.983257602
46666.083203312
46666.193184465
46666.293215012
46666.40342077
46666.503176329
46666.603149198
46666.713139409
46666.813132448
46666.923170686
46667.023104267
46667.123106509
46667.23312034
46667.333078336
46667.433188279
46667.543035116
46667.643021444
46667.743063927
46667.853033692
46667.953038821
46668.053005423
46668.162964013
46668.262990736
46668.362940259
46668.473169077
46668.572958531
46668.682931211
46668.78290016
46668.882883225
46668.99290516
46669.09286953
46669.192865055
46669.302947615
46669.403067276
46669.502851067
46669.613003869
46669.712796665
46669.822779136
46669.922972785
46670.022808869
46670.132766464
46670.232732454
46670.332729759
46670.44278717
46670.542704972
46670.642689683
46670.752690544
46670.85270656
46670.962705035
46671.062670072
46671.162649588
46671.272674519
46671.372670333
46671.472817176
46671.58260173
46671.682646028
46671.782587476
46671.892557924
46671.992608898
46672.102569461
46672.202560153
46672.302558619
46672.412724046
46672.51251312
46672.612491492
46672.7224765
46672.822460569
46672.932599924
46673.032443898
46673.132495568
46673.242454968
46673.342378216
46673.442577322
46673.55235864
46673.652359638
46673.752345049
46673.862327564
46673.962352398
46674.072313726
46674.172327116
46674.272270893
46674.382286895
46674.482371339
46674.582252274
46674.692287403
46674.792217932
46674.902473341
46675.002269131
46675.102235922
46675.212179045
46675.31218576
46675.412400198
46675.5221934
46675.622106672
46675.722129733
46675.832146245
46675.932164393
46676.042077466
46676.142137256
46676.242099999
46676.352102567
46676.45209132
46676.552007722
46676.662002848
46676.761990572
46676.862014976
46676.972033406
46677.071968605
46677.181920079
46677.281942762
46677.381928544
46677.491946039
46677.591916504
46677.691919221
46677.801869547
46677.90202864
46678.011897145
46678.11183584
46678.211850242
46678.321800378
46678.421956176
46678.521846755
46678.631826045
46678.731757393
46678.831812406
46678.941857676
46679.041773539
46679.151732053
46679.251755813
46679.351744384
46679.461966357
46679.561720839
46679.661673125
46679.771712881
46679.871724988
46679.981672296
46680.081626891
46680.181611611
46680.291584948
46680.391586903
46680.491619325
46680.601557712
46680.701559284
46680.811580018
46680.911605947
46681.011610739
46681.121515757
46681.221502057
46681.321461217
46681.43164133
46681.531532444
46681.64149552
46681.741409611
46681.84141418
46681.951498282
46682.051386043
46682.151396176
46682.261379176
46682.361358543
46682.461535114
46682.571339274
46682.671314104
46682.771315694
46682.881281713
46682.981323996
46683.081286676
46683.191285848
46683.291258495
46683.391223586
46683.501272744
46683.601211717
46683.711223847
46683.811228418
46683.911276763
46684.021183929
46684.121151213
46684.221171449
46684.33114429
46684.431300508
46684.531193598
46684.641114743
46684.741083135
46684.851105339
46684.951136471
46685.051047513
46685.161038665
46685.261058189
46685.361012743
46685.471182876
46685.57099188
46685.670975623
46685.780975932
46685.880929986
46685.990949312
46686.091008348
46686.190933091
46686.300938097
46686.401164108
46686.500922963
46686.610882472
46686.710865724
46686.81090803
46686.920923852
46687.02090269
46687.13082083
46687.230781145
46687.330795513
46687.440951201
46687.540782669
46687.640775696
46687.750801198
46687.85072965
46687.950869562
46688.060717005
46688.160710185
46688.270721678
46688.370720219
46688.470846156
46688.580657048
46688.680665797
46688.780636132
46688.890631973
46688.990632582
46689.100623819
46689.200630272
46689.300653005
46689.410777403
46689.510560069
46689.610557427
46689.720575694
46689.820515896
46689.920662141
46690.030483959
46690.130494256
46690.230491123
46690.340456072
46690.440537592
46690.550427278
46690.650465343
46690.750449016
46690.86036594
46690.960439623
46691.060377973
46691.170378149
46691.270337698
46691.370439107
46691.480415171
46691.580333871
46691.690308345
46691.790308946
46691.890281007
46692.000494646
46692.100241558
46692.200294734
46692.310244231
46692.41045612
46692.510243159
46692.620236829
46692.720221721
46692.830162569
46692.93037872
46693.030203795
46693.140165426
46693.240139226
46693.340112727
46693.450317851
46693.550087677
46693.660080366
46693.760155767
46693.860083826
46693.970081384
46694.070023577
46694.170020152
46694.27998047
46694.379986139
46694.480240338
46694.589963647
46694.68996476
46694.789935234
46694.900169836
46694.999949636
46695.109917413
46695.209937396
46695.309923977
46695.420028942
46695.519912125
46695.619907962
46695.72984405
46695.82981794
46695.93007241
46696.039805795
46696.139795138
46696.239805552
46696.349809057
46696.449976763
46696.54973991
46696.659775342
46696.75978555
46696.869725717
46696.969738841
46697.069688136
46697.179686483
46697.279654808
46697.379658935
46697.4896975
46697.589635376
46697.699722252
46697.799748094
46697.899777396
46698.009632785
46698.109594883
46698.219578657
46698.319588749
46698.41972652
46698.529522111
46698.629503211
46698.739497315
46698.83948615
46698.93965214
46699.049577917
46699.149505194
46699.24947052
46699.359501374
46699.459689626
46699.559387009
46699.669409874
46699.769433678
46699.879370419
46699.979380962
46700.079359793
46700.189332159
46700.289308709
46700.389323823
46700.499358267
46700.599312289
46700.709294525
46700.809272133
46700.909405283
46701.019262865
46701.119201291
46701.219211287
46701.329247183
46701.429491862
46701.539153353
46701.639167349
46701.739157614
46701.849138063
46701.949188218
46702.049150365
46702.159134392
46702.259090117
46702.359084343
46702.469128802
46702.569056894
46702.67903418
46702.779045138
46702.879022444
46702.98904813
46703.089008962
46703.188971671
46703.298974513
46703.399093146
46703.499008111
46703.608992267
46703.708926505
46703.818894958
46703.918958833
46704.018884292
46704.128883715
46704.228870775
46704.328942364
46704.438993751
46704.538817297
46704.648821757
46704.748797627
46704.848803056
46704.958869501
46705.058825338
46705.158829531
46705.268759415
46705.368776566
46705.46878422
46705.578712247
46705.678736262
46705.778702072
46705.888727312
46705.98871578
46706.098684243
46706.198703431
46706.298833445
46706.408847474
46706.508670267
46706.60864737
46706.718648091
46706.818556773
46706.918635381
46707.028530886
46707.128541364
46707.238545457
46707.338524868
46707.438637226
46707.548486786
46707.648493968
46707.748468393
46707.858474084
46707.958478664
46708.058533621
46708.168478797
46708.268424958
46708.378433749
46708.478427967
46708.578384958
46708.688378332
46708.788363612
46708.888398859
46708.998376795
46709.098398307
46709.208319397
46709.308292438
46709.408500615
46709.518298634
46709.618264674
46709.718254588
46709.828227378
46709.928294992
46710.028201922
46710.138201127
46710.238187352
46710.338205482
46710.448263377
46710.548163598
46710.658148953
46710.758151678
46710.858161126
46710.968147432
46711.068096409
46711.168133122
46711.278083594
46711.378052781
46711.488071284
46711.588068996
46711.688036376
46711.7981965
46711.898266236
46711.998009715
46712.107968775
46712.207966529
46712.307940669
46712.418118203
46712.517949517
46712.627909082
46712.727934091
46712.827906275
46712.938119498
46713.037856648
46713.137867809
46713.247856547
46713.347830645
46713.44807179
46713.557858737
46713.657766294
46713.767822922
46713.867818487
46713.967883156
46714.077811337
46714.177755913
46714.277725893
46714.387731409
46714.487897383
46714.597725638
46714.69786907
46714.797914774
46714.907763441
46715.007830603
46715.107637936
46715.217607726
46715.317624248
46715.417864407
46715.527583255
46715.627579404
46715.727602135
46715.837552656
46715.937736937
46716.047525746
46716.147528011
46716.24751892
46716.357481677
46716.457737442
46716.557488596
46716.667475785
46716.767456578
46716.877451443
46716.97746606
46717.077409629
46717.187398333
46717.287409593
46717.387410109
46717.49757079
46717.597380818
46717.697428377
46717.80736847
46717.907544014
46718.017308706
46718.117295698
46718.217279695
46718.327274444
46718.427419477
46718.5272502
46718.637225078
46718.737251573
46718.837212287
46718.947246278
46719.04720043
46719.157183372
46719.257171416
46719.357155073
46719.467298471
46719.567167151
46719.667172577
46719.777110797
46719.877101374
46719.977151865
46720.087086385
46720.187051984
46720.287119737
46720.397089669
46720.497052172
46720.607022121
46720.706985642
46720.806988033
46720.917051261
46721.016993394
46721.116949032
46721.226927255
46721.326916034
46721.426963457
46721.536904866
46721.63691734
46721.746877557
46721.846893797
46721.947009725
46722.056831988
46722.156871014
46722.266839619
46722.366846961
46722.466992479
46722.576785713
46722.676785596
46722.776741279
46722.886752425
46722.986756137
46723.096889895
46723.196695099
46723.296872906
46723.406919914
46723.506775616
46723.606688659
46723.716664209
46723.816674823
46723.916768651
46724.026624831
46724.126656325
46724.236610183
46724.336570908
46724.436804755
46724.54654731
46724.646556582
46724.746521178
46724.856567691
46724.956571062
46725.066504597
46725.166543081
46725.26646229
46725.376474623
46725.476516382
46725.576451036
46725.686452826
46725.786424647
46725.886410447
46725.996482503
46726.09655681
46726.206381146
46726.306428
46726.406588569
46726.516365319
46726.616309363
46726.716318434
46726.826335948
46726.926344555
46727.036321969
46727.136358728
46727.236324533
46727.346278359
46727.446420968
46727.54620792
46727.656209549
46727.756180773
46727.856187611
46727.96623793
46728.066199087
46728.176151237
46728.27618163
46728.376138234
46728.486191529
46728.586110124
46728.686128645
46728.796145433
46728.89624626
46728.99621802
46729.106087721
46729.206045862
46729.315983121
46729.416086722
46729.516036529
46729.625999796
46729.725960466
46729.825944779
46729.936150959
46730.035915231
46730.145919528
46730.245940694
46730.345904441
46730.455940798
46730.555894585
46730.655852467
46730.765856929
46730.865852469
46730.975862396
46731.075835725
46731.175882438
46731.285857402
46731.385865315
46731.485826934
46731.595774999
46731.695842856
46731.805802077
46731.905979245
46732.005856123
46732.115808797
46732.215706045
46732.315690017
46732.425851233
46732.525734988
46732.625642918
46732.735640741
46732.835622666
46732.94565772
46733.045581148
46733.145598912
46733.249339136
46733.353079296
46733.456819712
46733.560559872
46733.664300032
46733.768040448
46733.871780864
46733.975520768
46734.079261184
46734.183001344
46734.286741504
46734.39048192
46734.49422208
46734.59796224
46734.701702656
46734.805442824
46734.905642171
46735.015401311
46735.115365728
46735.225328769
46735.325335675
46735.425479766
46735.535315243
46735.635318016
46735.735271442
46735.845292989
46735.945320357
46736.045289208
46736.155256043
46736.255245104
46736.355216036
46736.465356516
46736.565198163
46736.66517552
46736.775174812
46736.875134969
46736.985187977
46737.085171944
46737.185186322
46737.295128939
46737.395237098
46737.495394007
46737.599115008
46737.702835712
46737.806556672
46737.910277376
46738.013998336
46738.117719296
46738.22144
46738.32516096
46738.42888192
46738.532602624
46738.636323584
46738.740044544
46738.843765248
46738.947486208
46739.051206912
46739.154927886
46739.264976392
46739.364911016
46739.465070312
46739.574833152
46739.674837149
46739.78480595
46739.884828652
46739.984845321
46740.094800602
46740.194793914
46740.294772891
46740.404846996
46740.504782515
46740.614717416
46740.714712793
46740.814744159
46740.924984534
46741.024704307
46741.124707032
46741.234659819
46741.334653833
46741.444701422
46741.544625845
46741.644716235
46741.754606647
46741.854601755
46741.95463114
46742.064607244
46742.164622629
46742.26459911
46742.374529173
46742.474617219
46742.584520576
46742.684490161
46742.784481108
46742.894547949
46742.994481901
46743.094447864
46743.204469012
46743.304429874
46743.404537128
46743.514438797
46743.614456561
46743.724388225
46743.82439254
46743.924591874
46744.034390672
46744.134335137
46744.234321825
46744.34431122
46744.444374136
46744.544274066
46744.654283656
46744.754264064
46744.864260565
46744.964277883
46745.064247595
46745.174220498
46745.274198959
46745.374195788
46745.484244997
46745.58417382
46745.684153749
46745.794134827
46745.894189809
46746.004335979
46746.104125589
46746.204133398
46746.314098126
46746.414150732
46746.514172273
46746.624047646
46746.7240354
46746.834021844
46746.934072265
46747.033993672
46747.144009767
46747.243969719
46747.344002019
46747.454083995
46747.553928267
46747.65393414
46747.763947535
46747.863908542
46747.973919881
46748.073918026
46748.173870506
46748.283850041
46748.383905406
46748.483902426
46748.593821302
46748.693781356
46748.793841562
46748.903983648
46749.00390094
46749.113756626
46749.213763941
46749.313737089
46749.423949239
46749.523728709
46749.623700571
46749.733696509
46749.833685736
46749.943763471
46750.043725124
46750.143648588
46750.253627198
46750.35365768
46750.453795761
46750.56359438
46750.663595318
46750.763655233
46750.873584718
46750.973619254
46751.083565692
46751.183527188
46751.283549078
46751.393653253
46751.493541808
46751.593497308
46751.703467243
46751.803462448
46751.913556695
46752.013439133
46752.113384586
46752.223426248
46752.323515646
46752.423595662
46752.533384789
46752.633375389
46752.733361051
46752.843342292
46752.94339396
46753.04341731
46753.153305213
46753.253321292
46753.363349958
46753.463482048
46753.56330209
46753.673287561
46753.773247897
46753.873271597
46753.983257364
46754.083238474
46754.187599872
46754.291961344
46754.39632256
46754.500684032
46754.605045248
46754.70940672
46754.813768192
46754.918129664
46755.022491136
46755.126852352
46755.231213568
46755.33557504
46755.439936512
46755.544297728
46755.6486592
46755.753020623
46755.842992983
46755.943211637
46756.05297545
46756.153015914
46756.262946906
46756.362943656
46756.463069135
46756.572900694
46756.672892206
46756.782895766
46756.882947331
46756.982903169
46757.092862414
46757.192908515
46757.302832465
46757.402982519
46757.502968626
46757.612802578
46757.712791243
46757.812772764
46757.922898962
46758.022737868
46758.122755926
46758.232730327
46758.332760728
46758.4429261
46758.542701598
46758.642688047
46758.752686122
46758.852657152
46758.962686797
46759.062698513
46759.162715511
46759.262615115
46759.3725972
46759.472651463
46759.582567603
46759.682566768
46759.782607287
46759.892743891
46759.992798119
46760.092531035
46760.202572599
46760.302546448
46760.402687612
46760.512551162
46760.612488867
46760.722559231
46760.822488609
46760.922651736
46761.032430948
46761.132435872
46761.23240324
46761.342382133
46761.442461715
46761.542348115
46761.652367706
46761.752360348
46761.86238427
46761.962382964
46762.062342796
46762.172370242
46762.272328081
46762.37228614
46762.482352886
46762.582246376
46762.692279836
46762.792388339
46762.892283972
46763.002282469
46763.102204008
46763.202209662
46763.312195891
46763.412404123
46763.512200427
46763.622123058
46763.722193611
46763.832118103
46763.932172588
46764.032136986
46764.142128078
46764.242062509
46764.342018822
46764.452274235
46764.552070133
46764.662076488
46764.761985587
46764.862010847
46764.972059808
46765.071993733
46765.171977944
46765.281935979
46765.381974554
46765.482006674
46765.591934355
46765.692075351
46765.801905186
46765.902093058
46766.001952593
46766.111874377
46766.211831595
46766.311800412
46766.421911345
46766.521836002
46766.631890654
46766.731789935
46766.831785728
46766.941800411
46767.041754506
46767.141766598
46767.251761054
46767.351778651
46767.451807217
46767.561724561
46767.661657901
46767.771682371
46767.87163334
46767.971662397
46768.08161141
46768.181610819
46768.281667241
46768.391829719
46768.491646942
46768.601567024
46768.701533424
46768.801516036
46768.911748907
46769.011499535
46769.111492938
46769.221492614
46769.321469142
46769.421664865
46769.531435386
46769.631425963
46769.731419316
46769.841468433
46769.941457672
46770.051401787
46770.151388931
46770.251360178
46770.361354531
46770.461547783
46770.56136825
46770.671330954
46770.775695872
46770.880060416
46770.98442496
46771.088789504
46771.193154304
46771.297519104
46771.401883648
46771.506248192
46771.610612736
46771.71497728
46771.81934208
46771.92370688
46772.028071424
46772.132435968
46772.236800512
46772.341165385
46772.431292787
46772.5311176
46772.641103148
46772.741095949
46772.851120564
46772.951125717
46773.051029229
46773.161017652
46773.261030985
46773.361021699
46773.471026674
46773.57101714
46773.670965208
46773.780965766
46773.881196697
46773.991112304
46774.090943953
46774.19089556
46774.300913471
46774.4009921
46774.50093498
46774.610834253
46774.710859823
46774.810839611
46774.921022978
46775.020861396
46775.130865579
46775.230859742
46775.330768951
46775.440976463
46775.540743395
46775.64079155
46775.750778066
46775.850753858
46775.950808809
46776.060785836
46776.160717906
46776.270700487
46776.370669272
46776.470753862
46776.580635637
46776.680661128
46776.780677123
46776.890667814
46776.99068263
46777.090745203
46777.200585101
46777.300603632
46777.410724159
46777.510563478
46777.610514694
46777.720506448
46777.820499778
46777.920680878
46778.030460412
46778.130469947
46778.240499202
46778.340489276
46778.440536273
46778.550420952
46778.65045515
46778.750434323
46778.86039545
46778.960438508
46779.070390654
46779.170324356
46779.27033043
46779.380370454
46779.480391446
46779.580286143
46779.690430067
46779.790313379
46779.900491246
46780.000349021
46780.100297015
46780.210294186
46780.310241479
46780.410310847
46780.520241436
46780.620196314
46780.720167406
46780.830161369
46780.93029604
46781.040180531
46781.140121377
46781.240190683
46781.350096077
46781.450289857
46781.550086219
46781.660044356
46781.760053617
46781.860047071
46781.970059756
46782.07001782
46782.180006449
46782.279981327
46782.379968889
46782.490186146
46782.589938156
46782.689942552
46782.799962108
46782.90016859
46783.009963982
46783.109891077
46783.209889167
46783.31988174
46783.419949635
46783.519879312
46783.629825807
46783.729838328
46783.82982404
46783.939815641
46784.039799029
46784.149820793
46784.24979658
46784.349764543
46784.460186221
46784.559731515
46784.659714983
46784.769760169
46784.869691202
46784.969736966
46785.079702765
46785.179656373
46785.289655101
46785.38985253
46785.489796409
46785.599649822
46785.69960609
46785.79963399
46785.909761766
46786.009567259
46786.119560645
46786.219534686
46786.319544885
46786.429685188
46786.529499092
46786.639548856
46786.739483898
46786.839464194
46786.949488757
46787.049456905
46787.149436643
46787.259415036
46787.359456193
46787.469455126
46787.569359737
46787.669393559
46787.77935286
46787.879365244
46787.979384972
46788.089415265
46788.1893268
46788.289437076
46788.399542584
46788.499366106
46788.609281595
46788.7092492
46788.809245453
46788.919427049
46789.019229558
46789.119209071
46789.229201127
46789.329186667
46789.429275982
46789.539160692
46789.639201752
46789.739177859
46789.84910453
46789.949200594
46790.049111207
46790.159087282
46790.259095666
46790.359096765
46790.469105604
46790.569032369
46790.67901741
46790.77900565
46790.879008652
46790.989111876
46791.089185371
46791.18900273
46791.298975025
46791.399136494
46791.498965667
46791.608961397
46791.70891185
46791.818902387
46791.919070936
46792.018881068
46792.128860264
46792.22885397
46792.328832882
46792.439081131
46792.538820167
46792.638865546
46792.748793501
46792.848759524
46792.958801292
46793.058759439
46793.158768484
46793.268723616
46793.368741789
46793.468784166
46793.578728786
46793.678717932
46793.778675536
46793.888849906
46793.988725972
46794.098660684
46794.198671288
46794.298628656
46794.40879159
46794.508678683
46794.608599614
46794.718562711
46794.818574095
46794.91880015
46795.028549051
46795.1285276
46795.238510924
46795.338506234
46795.438715845
46795.548511718
46795.648527833
46795.748485529
46795.858538026
46795.958536848
46796.068490051
46796.168477377
46796.268397127
46796.378395414
46796.47844531
46796.578430863
46796.688602816
46796.788478283
46796.888499042
46796.998384522
46797.098324687
46797.208301742
46797.308314269
46797.408450846
46797.518276056
46797.618298116
46797.71827675
46797.828210613
46797.928449614
46798.028204065
46798.13824296
46798.238264068
46798.348172538
46798.448418461
46798.548128806
46798.658181509
46798.758243862
46798.858114315
46798.968102498
46799.068149646
46799.178057178
46799.278133375
46799.378049344
46799.488114457
46799.588049452
46799.688123915
46799.797999973
46799.898098445
46799.998048845
46800.107944736
46800.207951211
46800.317961997
46800.41815031
46800.517947589
46800.627891523
46800.727884461
46800.827866302
46800.937954453
46801.037869187
46801.137847557
46801.247834768
46801.347872417
46801.457913068
46801.55780469
46801.657804325
46801.767770334
46801.867761306
46801.967776176
46802.077811689
46802.177712488
46802.287744528
46802.387875036
46802.487820841
46802.597721519
46802.697667148
46802.797665488
46802.907826623
46803.007673392
46803.107609474
46803.217607531
46803.317681074
46803.427751602
46803.527551936
46803.627569388
46803.737535543
46803.837548638
46803.937678389
46804.047539056
46804.147526412
46804.247479293
46804.357480022
46804.457538017
46804.567449627
46804.667439981
46804.767424297
46804.877459869
46804.977428694
46805.077398375
46805.187384272
46805.287556469
46805.387454591
46805.497421098
46805.597372647
46805.707323604
46805.807300987
46805.907383994
46806.017332038
46806.117295575
46806.217281228
46806.327249155
46806.42744284
46806.537235024
46806.637224729
46806.73720259
46806.847213334
46806.947200286
46807.047182295
46807.157211576
46807.257158292
46807.357133562
46807.467286187
46807.567112943
46807.677101
46807.777098693
46807.877111787
46807.987119771
46808.087044294
46808.187031436
46808.297021609
46808.397178102
46808.507023238
46808.606993782
46808.706969987
46808.816992221
46808.917105896
46809.016987707
46809.126952087
46809.226918002
46809.326921754
46809.43707387
46809.536900038
46809.646872207
46809.746856152
46809.8468566
46809.956880044
46810.056852761
46810.156862256
46810.266825583
46810.366780263
46810.466905486
46810.576781294
46810.676800756
46810.786877595
46810.886892097
46810.986946244
46811.096723464
46811.196742993
46811.29669004
46811.406901643
46811.506682371
46811.606654211
46811.716671805
46811.816650734
46811.926819439
46812.026603392
46812.126604346
46812.236598945
46812.336586743
46812.436713515
46812.546548207
46812.646534772
46812.75657621
46812.856591641
46812.956542033
46813.066471715
46813.166490088
46813.266459278
46813.376458814
46813.480196352
46813.583933696
46813.687671296
46813.79140864
46813.89514624
46813.99888384
46814.102621184
46814.206358784
46814.310096384
46814.413833728
46814.517571328
46814.621308928
46814.725046272
46814.828783872
46814.932521216
46815.036258712
46815.146290349
46815.246242667
46815.346217486
46815.45643429
46815.556241717
46815.656197424
46815.766155154
46815.86615629
46815.966211682
46816.076160678
46816.176147128
46816.27614311
46816.386324866
46816.48622403
46816.586124653
46816.696072534
46816.796068535
46816.896263277
46817.006049162
46817.106032149
46817.205991053
46817.315988768
46817.416176508
46817.525965808
46817.62598093
46817.72595491
46817.835975296
46817.935952292
46818.035914794
46818.145904987
46818.245892038
46818.345873635
46818.456052984
46818.55588207
46818.665861435
46818.765823252
46818.8658119
46818.975854844
46819.075791301
46819.175782448
46819.285988073
46819.385852828
46819.495854905
46819.595778972
46819.695731957
46819.805743268
46819.905903459
46820.005725162
46820.115735421
46820.215674618
46820.315672928
46820.425722786
46820.525638916
46820.635640318
46820.735620602
46820.835640711
46820.945683561
46821.045579578
46821.145584793
46821.255542678
46821.355574266
46821.455749726
46821.565557802
46821.665548062
46821.775493934
46821.875488829
46821.975499309
46822.085603048
46822.185454618
46822.285559321
46822.395534064
46822.495478935
46822.605445599
46822.705398511
46822.805378909
46822.915565241
46823.015407232
46823.115373986
46823.225364132
46823.325319324
46823.425459927
46823.535284542
46823.63530295
46823.745267196
46823.845287559
46823.945299057
46824.055315154
46824.155277531
46824.255274615
46824.365214407
46824.465270876
46824.56523614
46824.675256886
46824.775155742
46824.885328982
46824.985343632
46825.085210854
46825.195152879
46825.295165073
46825.395349421
46825.505123722
46825.605019643
46825.715058327
46825.815038484
46825.91518158
46826.02499699
46826.125020954
46826.224997974
46826.334992717
46826.435202328
46826.534937792
46826.644951177
46826.744920129
46826.854964711
46826.954998599
46827.054949599
46827.164928657
46827.264861244
46827.364906131
46827.47489642
46827.574863163
46827.684960888
46827.784960567
46827.884850706
46827.994837465
46828.094796884
46828.194776629
46828.304744896
46828.404936251
46828.504843725
46828.614791771
46828.714703559
46828.824703291
46828.924859915
46829.024646384
46829.134684249
46829.234689515
46829.334653018
46829.444848604
46829.544610499
46829.644604543
46829.754604155
46829.854608938
46829.964588623
46830.064586203
46830.164528048
46830.274522678
46830.374563347
46830.484548663
46830.584541573
46830.684488836
46830.794523231
46830.894686712
46830.994580319
46831.104428817
46831.204439156
46831.314443687
46831.414574541
46831.514440045
46831.624407102
46831.724341529
46831.824349426
46831.934372499
46832.034311428
46832.144319051
46832.244297794
46832.344329808
46832.454527667
46832.55427869
46832.654303176
46832.764247322
46832.864236821
46832.974262215
46833.074242554
46833.174213135
46833.284231351
46833.38424244
46833.484276311
46833.594149938
46833.694138884
46833.794196265
46833.904301336
46834.004095606
46834.104145856
46834.214157936
46834.31411693
46834.414157701
46834.524098273
46834.624032695
46834.724002892
46834.833998503
46834.934005391
46835.033976085
46835.143965301
46835.24395658
46835.343952621
46835.454056095
46835.553974045
46835.663953021
46835.763904097
46835.863864534
46835.973915744
46836.073895197
46836.173853685
46836.284032932
46836.384085738
46836.484020831
46836.593819998
46836.693794869
46836.803797342
46836.903954161
46837.003844192
46837.113758405
46837.213747856
46837.313741706
46837.423755386
46837.523702421
46837.623708817
46837.733686324
46837.833671449
46837.943696934
46838.043654256
46838.143727106
46838.253644698
46838.353653962
46838.453649822
46838.563563842
46838.663582044
46838.773548875
46838.873543738
46838.973623575
46839.083559237
46839.183652268
46839.283606612
46839.393666201
46839.493510768
46839.593480138
46839.703448459
46839.803448818
46839.913642411
46840.01341819
46840.116935168
46840.220452096
46840.323969024
46840.427485952
46840.53100288
46840.634519808
46840.738036992
46840.84155392
46840.945070848
46841.048587776
46841.152104704
46841.255621632
46841.359138816
46841.462655744
46841.566172672
46841.6696896
46841.773206458
46841.883321415
46841.98324885
46842.083355957
46842.193230111
46842.27316636
46842.379153408
46842.48514048
46842.591127552
46842.697114624
46842.803101696
46842.909088768
46843.01507584
46843.121062912
46843.227049984
46843.333037056
46843.439024128
46843.545011456
46843.650998528
46843.7569856
46843.862972573
46843.953000894
46844.062999895
46844.162959549
46844.262927737
46844.37292088
46844.472979968
46844.583105927
46844.682874332
46844.782911172
46844.892935501
46844.992893783
46845.092845908
46845.202828472
46845.302838584
46845.403033381
46845.512783663
46845.612731552
46845.722778514
46845.822739606
46845.922903808
46846.032756553
46846.132726201
46846.232723595
46846.342723641
46846.442939388
46846.542702665
46846.652676199
46846.752694028
46846.852642448
46846.962652427
46847.062661163
46847.172601037
46847.272587428
46847.372591456
46847.482756522
46847.582744145
46847.68253913
46847.792565389
46847.892693988
46847.992539061
46848.102495391
46848.202545411
46848.302480132
46848.412543019
46848.51245928
46848.622450391
46848.722429848
46848.822424724
46848.932446062
46849.032428122
46849.132429817
46849.242363892
46849.342373213
46849.442519615
46849.55233949
46849.652399647
46849.762314287
46849.862303029
46849.962310264
46850.072297599
46850.172258457
46850.27224999
46850.382345717
46850.482468544
46850.582252226
46850.692206651
46850.792206265
46850.902350573
46851.002216197
46851.102138916
46851.212148755
46851.312161424
46851.412236577
46851.522120492
46851.622159347
46851.72211668
46851.832088052
46851.932100408
46852.042057883
46852.142056737
46852.242047981
46852.352062924
46852.452230128
46852.551988434
46852.66197935
46852.761958786
46852.86194511
46852.97196234
46853.072022443
46853.181923044
46853.282003053
46853.38209718
46853.491932835
46853.591924162
46853.691871461
46853.801849751
46853.901887831
46854.001921848
46854.111874593
46854.211805752
46854.321779125
46854.421919983
46854.52178667
46854.631768003
46854.731740805
46854.831721468
46854.941755908
46855.041720229
46855.141710504
46855.251708596
46855.351750948
46855.461759982
46855.56170132
46855.661690079
46855.77162725
46855.871713613
46855.971692913
46856.081679199
46856.181789523
46856.281651373
46856.391733372
46856.491656997
46856.591615213
46856.701529876
46856.801517326
46856.901666394
46857.011504387
46857.111568399
46857.211487838
46857.321470818
46857.421633158
46857.521442543
46857.631467876
46857.731428527
46857.841442288
46857.941471538
46858.041410912
46858.151456245
46858.251390209
46858.36137011
46858.461385965
46858.561395531
46858.671337492
46858.771358116
46858.881543147
46858.981310421
46859.081287558
46859.191238335
46859.291217126
46859.391389817
46859.501284929
46859.601230747
46859.71120493
46859.811181042
46859.911334379
46860.021174561
46860.121195746
46860.221151803
46860.331129591
46860.431292465
46860.531094932
46860.641079654
46860.74112314
46860.851080119
46860.951089375
46861.051024331
46861.161000503
46861.260990635
46861.360975127
46861.471023837
46861.570951509
46861.680956668
46861.780924472
46861.881068785
46861.991005664
46862.090915081
46862.190880255
46862.300882168
46862.400959735
46862.500884076
46862.610927892
46862.710867004
46862.820811462
46862.920978048
46863.020854441
46863.130777276
46863.230772735
46863.330785712
46863.440917393
46863.540750823
46863.640711246
46863.750737945
46863.850750741
46863.960745413
46864.060714951
46864.160724633
46864.27068808
46864.370647483
46864.470686214
46864.580639068
46864.680802309
46864.780648506
46864.890849618
46864.990670072
46865.100574545
46865.200597752
46865.300550941
46865.410707345
46865.510516004
46865.610512052
46865.720502778
46865.820493526
46865.920514302
46866.030463103
46866.130439998
46866.24044189
46866.340404561
46866.440483244
46866.550441991
46866.650399376
46866.750392669
46866.86040682
46866.960399853
46867.060352774
46867.17036399
46867.270360623
46867.370321174
46867.480516908
46867.580470241
46867.690298191
46867.790288302
46867.890392253
46868.000279703
46868.100317117
46868.200228985
46868.31028659
46868.410368614
46868.510226636
46868.620239585
46868.72023077
46868.830242603
46868.930358982
46869.030115669
46869.140141214
46869.240092854
46869.340050589
46869.450253478
46869.550120827
46869.660071558
46869.760050867
46869.860052631
46869.97008022
46870.070062135
46870.170030438
46870.280149817
46870.380145303
46870.480020424
46870.589935801
46870.689902809
46870.799998015
46870.900075996
46870.999934008
46871.109923275
46871.209904912
46871.309848275
46871.420044022
46871.519823722
46871.61982642
46871.729810377
46871.829846399
46871.939857868
46872.039770011
46872.13979629
46872.249734331
46872.349734366
46872.449781762
46872.559725761
46872.659712679
46872.769706586
46872.869684412
46872.969711504
46873.07965817
46873.179669035
46873.279628463
46873.389867769
46873.489660312
46873.599595168
46873.699674842
46873.799620761
46873.909828209
46874.009555075
46874.109615968
46874.219583258
46874.319541954
46874.429791437
46874.529492431
46874.629490638
46874.739505494
46874.839494735
46874.949522912
46875.049434239
46875.149451401
46875.259440967
46875.359410573
46875.459441034
46875.569380384
46875.669381382
46875.779353779
46875.879509868
46875.979473016
46876.089308953
46876.189311645
46876.289298217
46876.399432704
46876.499368461
46876.599247258
46876.709251915
46876.80922157
46876.90948608
46877.019253649
46877.119205328
46877.219199338
46877.329189905
46877.429332483
46877.529171242
46877.639138064
46877.739124077
46877.839101524
46877.949159696
46878.049126026
46878.159087308
46878.259079132
46878.359059832
46878.469084583
46878.56906638
46878.669132005
46878.779052748
46878.879215118
46878.979070963
46879.089190775
46879.189021517
46879.298928973
46879.399006137
46879.498964749
46879.608896802
46879.708895171
46879.808898108
46879.91910372
46880.018877823
46880.118846908
46880.228904233
46880.328815882
46880.429008977
46880.538808307
46880.638785925
46880.748772312
46880.848787373
46880.948839452
46881.058766853
46881.158716188
46881.258728736
46881.368706857
46881.468746236
46881.578683399
46881.678684584
46881.778667521
46881.88882423
46881.988692627
46882.088641852
46882.198685004
46882.298610856
46882.398758476
46882.508619776
46882.60859616
46882.718558872
46882.818547702
46882.918689798
46883.02851374
46883.1285335
46883.238525057
46883.338553865
46883.438711275
46883.548510579
46883.648460675
46883.748446192
46883.85845531
46883.958502166
46884.058405848
46884.168431632
46884.26840761
46884.378579257
46884.478466667
46884.578353917
46884.688348397
46884.788366193
46884.888508805
46884.998338559
46885.098291844
46885.208257326
46885.308260219
46885.408357672
46885.51823511
46885.618233513
46885.718206561
46885.828208947
46885.928216865
46886.028190103
46886.138212182
46886.238279912
46886.348244822
46886.448327789
46886.548183141
46886.658170885
46886.758113454
46886.858069691
46886.968118324
46887.068140703
46887.168068703
46887.278174008
46887.378103157
46887.478257257
46887.588015005
46887.688001951
46887.78805202
46887.898121938
46887.997928982
46888.107949997
46888.207922032
46888.307917133
46888.408062562
46888.517895881
46888.617881644
46888.727882901
46888.82786418
46888.927863136
46889.037833466
46889.137818864
46889.237812794
46889.337839737
46889.447912164
46889.547782709
46889.657797097
46889.757784318
46889.857794166
46889.967801267
46890.067781702
46890.167715697
46890.277781216
46890.377902574
46890.47789693
46890.587711671
46890.687664173
46890.787756472
46890.897823146
46890.997668669
46891.097640038
46891.207618428
46891.307647242
46891.417756643
46891.517563146
46891.617552366
46891.727548582
46891.827587564
46891.937646669
46892.037503275
46892.13752811
46892.247468714
46892.347497688
46892.457502918
46892.557436159
46892.657430994
46892.767400173
46892.867388085
46892.967475848
46893.077604571
46893.177529675
46893.287367919
46893.387458408
46893.487382951
46893.597388277
46893.697315664
46893.797298675
46893.907490203
46894.007286977
46894.107269712
46894.217255158
46894.317244688
46894.42743339
46894.527221377
46894.627251591
46894.737192499
46894.837156367
46894.937224241
46895.047150431
46895.147150185
46895.25710955
46895.357127878
46895.457192365
46895.56713358
46895.667117473
46895.767066512
46895.877243867
46895.97720291
46896.077054906
46896.187108868
46896.287038815
46896.397093655
46896.497031988
46896.597007146
46896.706958146
46896.806945159
46896.907163469
46897.016928045
46897.116906872
46897.216906353
46897.326958634
46897.427076058
46897.536872999
46897.636914718
46897.73684569
46897.846838972
46897.94685704
46898.046867563
46898.15681154
46898.256758599
46898.356776761
46898.466846472
46898.566750669
46898.676869927
46898.776758191
46898.876890072
46898.986747111
46899.086825627
46899.186729096
46899.296693512
46899.396848397
46899.506658029
46899.606629898
46899.706623284
46899.816605772
46899.916807847
46900.016580193
46900.12658218
46900.226568341
46900.326589204
46900.436788545
46900.536546032
46900.646567789
46900.746541701
46900.846510528
46900.956503622
46901.056481714
46901.156475654
46901.266469514
46901.366453871
46901.476460483
46901.576417831
46901.67639079
46901.786396059
46901.886636193
46901.986411284
46902.096378984
46902.196350808
46902.306385806
46902.406475634
46902.506307221
46902.616319432
46902.716285171
46902.816306603
46902.926294652
46903.026284047
46903.136252396
46903.236207508
46903.336222888
46903.44637135
46903.546193615
46903.646192452
46903.756174876
46903.856147771
46903.956154161
46904.066170033
46904.166100618
46904.266132394
46904.37623386
46904.476143115
46904.576251529
46904.68607042
46904.786063798
46904.886227795
46904.996015614
46905.095990111
46905.196002771
46905.306040626
46905.406181634
46905.505973165
46905.615950703
46905.715937518
46905.825929055
46905.926026315
46906.02601064
46906.135927341
46906.235872266
46906.335881755
46906.446047648
46906.545850623
46906.645844363
46906.755815777
46906.855802735
46906.965843416
46907.065804639
46907.165747733
46907.275924507
46907.375963831
46907.47597532
46907.58577431
46907.685732157
46907.785703931
46907.895883912
46907.995671445
46908.105689674
46908.20566427
46908.305682706
46908.415847423
46908.51561505
46908.615612139
46908.725630346
46908.825612749
46908.935618186
46909.03556252
46909.135588989
46909.245558271
46909.345544718
46909.445624471
46909.555524352
46909.655489218
46909.755488863
46909.865507795
46909.965498081
46910.075617713
46910.175581518
46910.275505577
46910.385467202
46910.485442628
46910.585434067
46910.695397393
46910.795341955
46910.895798748
46911.005365478
46911.105366729
46911.215341483
46911.315314603
46911.415384684
46911.525280972
46911.625283285
46911.725289627
46911.835293626
46911.935304174
46912.045227553
46912.145250216
46912.245243791
46912.355169348
46912.45520273
46912.55519236
46912.665172964
46912.765150328
46912.865207373
46912.975169459
46913.075189762
46913.18513394
46913.285062641
46913.385334984
46913.495131717
46913.595081707
46913.695044168
46913.805020622
46913.90508994
46914.014987705
46914.114997586
46914.214979559
46914.324972852
46914.425114418
46914.52497298
46914.634906967
46914.73494903
46914.834918518
46914.944933511
46915.044886485
46915.144907157
46915.254867857
46915.354830225
46915.454941552
46915.564807242
46915.664810368
46915.764803314
46915.874889873
46915.974986928
46916.074904845
46916.18480418
46916.28476094
46916.384858735
46916.494806284
46916.594769889
46916.694685649
46916.804689943
46916.90474484
46917.004647889
46917.114651837
46917.21468276
46917.324628442
46917.424879828
46917.524611805
46917.634591199
46917.734616443
46917.844565653
46917.944574388
46918.044555728
46918.154568322
46918.25454899
46918.364546275
46918.464766345
46918.574626699
46918.674525445
46918.774552267
46918.884623337
46918.984514512
46919.084444736
46919.194408798
46919.294401656
46919.404434106
46919.504374552
46919.604363896
46919.714347832
46919.814341828
46919.924363772
46920.024312223
46920.124299212
46920.234305055
46920.334279483
46920.434469471
46920.544312578
46920.644257321
46920.744244434
46920.854211142
46920.954250816
46921.064208421
46921.164198503
46921.264273073
46921.374370669
46921.474513468
46921.574133363
46921.684108225
46921.784111782
46921.884370434
46921.994097706
46922.094079056
46922.204073942
46922.304057549
46922.404273257
46922.514032048
46922.614056954
46922.714015007
46922.824068307
46922.924030002
46923.023960915
46923.133955151
46923.233971237
46923.34397923
46923.444052254
46923.543923638
46923.653912513
46923.753878658
46923.853869517
46923.963896322
46924.063877474
46924.17395087
46924.273864246
46924.373957348
46924.483936098
46924.58380015
46924.683772557
46924.79378975
46924.893991899
46924.993728617
46925.103830948
46925.203764787
46925.313759214
46925.413870457
46925.513689554
46925.623699669
46925.723674944
46925.823718398
46925.933675688
46926.033681874
46926.13363645
46926.243597406
46926.343616278
46926.453676138
46926.553632772
46926.653633011
46926.76354519
46926.863581344
46926.963535558
46927.073564418
46927.173672727
46927.28351677
46927.383661166
46927.483549024
46927.593453955
46927.693437862
46927.793449777
46927.903559706
46928.003405161
46928.103472445
46928.213386003
46928.313424782
46928.423526103
46928.523379464
46928.62335909
46928.733318742
46928.833311586
46928.933383528
46929.043297002
46929.143291883
46929.243268682
46929.353274924
46929.453281082
46929.56323529
46929.663266244
46929.763257337
46929.873427407
46929.973274093
46930.073298119
46930.183202098
46930.283162102
46930.383386716
46930.493162894
46930.593081502
46930.703120891
46930.803144444
46930.903291864
46931.013061323
46931.113129699
46931.213046709
46931.323039542
46931.423204564
46931.523008232
46931.633007382
46931.732971283
46931.842974927
46931.943022554
46932.042942173
46932.152892683
46932.25295275
46932.352952557
46932.463002733
46932.562899829
46932.662928606
46932.77302438
46932.872967783
46932.982909976
46933.082891717
46933.182849479
46933.292797224
46933.393017834
46933.492861748
46933.602795188
46933.70276313
46933.812738734
46933.912959295
46934.012753926
46934.122716649
46934.222755688
46934.322687744
46934.43276572
46934.532684147
46934.632679562
46934.742651538
46934.842642169
46934.952680887
46935.05262476
46935.152589536
46935.262579881
46935.362564832
46935.462630637
46935.572614646
46935.672534118
46935.7726329
46935.882704831
46935.982542283
46936.092486985
46936.192488138
46936.292430382
46936.40267011
46936.502480668
46936.602447852
46936.712419708
46936.812443759
46936.912593767
46937.02238491
46937.12238273
46937.232357587
46937.332347332
46937.432565883
46937.542310975
46937.642311636
46937.742302651
46937.852264357
46937.952299434
46938.062315989
46938.16229855
46938.262311991
46938.37234492
46938.472430938
46938.572376798
46938.682182411
46938.782270984
46938.882421335
46938.992168923
46939.09214666
46939.202141385
46939.302151881
46939.402194639
46939.512090975
46939.612078888
46939.712068474
46939.822065529
46939.922260299
46940.032020876
46940.132032454
46940.232016808
46940.342036531
46940.442220942
46940.541971087
46940.651968987
46940.751958813
46940.851923005
46940.961969694
46941.061944731
46941.161924795
46941.271876718
46941.372063904
46941.481905503
46941.581868941
46941.681887192
46941.791826675
46941.892085938
46941.991797669
46942.101833482
46942.201833392
46942.311800448
46942.411986849
46942.511781849
46942.621800097
46942.721777047
46942.82177389
46942.931834743
46943.031748873
46943.141680875
46943.241751264
46943.341797394
46943.45168184
46943.551688508
46943.651640172
46943.761595463
46943.861615602
46943.961635193
46944.071650942
46944.171557494
46944.271550956
46944.38175239
46944.481576651
46944.581572035
46944.691529833
46944.791506237
46944.891715328
46945.001478741
46945.101468772
46945.211448294
46945.311445054
46945.41153553
46945.521418154
46945.62143935
46945.721401328
46945.831403741
46945.931446823
46946.031349315
46946.141354306
46946.24133872
46946.34138421
46946.451410853
46946.551307665
46946.65128255
46946.761263195
46946.861273801
46946.971430205
46947.071238497
46947.171236947
46947.281225886
46947.381357895
46947.481215322
46947.591180898
46947.69115838
46947.801207735
46947.901429685
46948.001132137
46948.111126493
46948.21110959
46948.311111339
46948.421241232
46948.521080884
46948.631074255
46948.73106317
46948.831025733
46948.941062174
46949.041015098
46949.151048681
46949.251005965
46949.351032659
46949.461056763
46949.560961251
46949.660928017
46949.771090295
46949.871153953
46949.971021211
46950.080895994
46950.180915323
46950.280873225
46950.391047259
46950.490933762
46950.600855452
46950.700833489
46950.800864357
46950.911076765
46951.01079527
46951.110770129
46951.220789111
46951.320777458
46951.420974706
46951.530767862
46951.630781874
46951.740780932
46951.840748132
46951.940724463
46952.050713027
46952.150722817
46952.250697175
46952.360638029
46952.46071239
46952.560621258
46952.670644693
46952.770719184
46952.880802635
46952.980648632
46953.080625188
46953.190570337
46953.290523953
46953.39063137
46953.500517851
46953.600493288
46953.700479722
46953.810467708
46953.910595455
46954.020487902
46954.120454916
46954.220433576
46954.330443209
46954.43060574
46954.53038558
46954.640458283
46954.740405234
46954.840348651
46954.950370053
46955.050341213
46955.160310456
46955.260295656
46955.360303648
46955.470340014
46955.570279801
46955.670266484
46955.780271822
46955.880372813
46955.980288073
46956.09020091
46956.190190214
46956.290190152
46956.400406684
46956.500170891
46956.610158435
46956.710137359
46956.810121368
46956.920195461
46957.020156974
46957.120110382
46957.230074699
46957.330073739
46957.430279816
46957.540052335
46957.640126469
46957.750010226
46957.85000723
46957.950029664
46958.059990922
46958.159964967
46958.259942661
46958.370029688
46958.470026252
46958.569945048
46958.679924051
46958.779916403
46958.890104176
46958.989873136
46959.089824771
46959.199897541
46959.299886859
46959.400024577
46959.509885478
46959.609800099
46959.709795954
46959.819808721
46959.919841841
46960.02975245
46960.129757602
46960.229721026
46960.33972793
46960.439855182
46960.53971537
46960.649707342
46960.749697649
46960.849670214
46960.959687931
46961.059666572
46961.169650934
46961.269632234
46961.369739946
46961.479648575
46961.57961777
46961.679579435
46961.789538795
46961.889622452
46961.989571646
46962.099542184
46962.199519079
46962.309509068
46962.409703489
46962.509457828
46962.619501955
46962.719449225
46962.819444258
46962.929461127
46963.029424342
46963.129415502
46963.239432503
46963.339424565
46963.449470028
46963.549372252
46963.649374235
46963.759351091
46963.859398807
46963.959396359
46964.069347569
46964.169348495
46964.269401025
46964.379539574
46964.4793344
46964.589256429
46964.689267455
46964.789233014
46964.899407254
46964.999217027
46965.099199817
46965.209169694
46965.309158137
46965.409215741
46965.519134649
46965.619136697
46965.729131923
46965.829118715
46965.929163317
46966.039074768
46966.139169011
46966.23910045
46966.349044648
46966.449087252
46966.549035627
46966.659003848
46966.759044535
46966.869072816
46966.96914596
46967.068942259
46967.178984333
46967.278977528
46967.379188594
46967.489014144
46967.588950453
46967.688943492
46967.798917574
46967.899090593
46968.008880077
46968.108890633
46968.208877018
46968.318892913
46968.419088208
46968.518839939
46968.628863107
46968.728797036
46968.828775805
46968.93885084
46969.038761924
46969.148724173
46969.248771
46969.348730661
46969.458743093
46969.558661607
46969.658659376
46969.768775581
46969.868821426
46969.968731813
46970.078649369
46970.178663697
46970.288641154
46970.388818386
46970.488619805
46970.598613861
46970.698637915
46970.798570074
46970.908764906
46971.008541035
46971.108565385
46971.218559119
46971.318516623
46971.428735997
46971.528463726
46971.628491355
46971.738514929
46971.838429318
46971.938496995
46972.048426954
46972.148447871
46972.248396922
46972.358370575
46972.458407843
46972.568347536
46972.66832991
46972.7684224
46972.878523725
46972.978370694
46973.078439357
46973.188267555
46973.288242724
46973.398356723
46973.498240941
46973.598216754
46973.708219069
46973.808199215
46973.908239597
46974.01817326
46974.118145987
46974.218155275
46974.328129575
46974.428299802
46974.538149737
46974.63812577
46974.738112283
46974.848075348
46974.948105929
46975.048078774
46975.158115921
46975.258113885
46975.358072669
46975.468074763
46975.568021697
46975.677970225
46975.777977972
46975.878121972
46975.98795622
46976.087933406
46976.187953159
46976.297901452
46976.398095159
46976.497943435
46976.60791697
46976.707884219
46976.81792914
46976.918064998
46977.017852359
46977.127859835
46977.227818996
46977.327813379
46977.43789324
46977.537843897
46977.637776849
46977.747738724
46977.847737579
46977.947770611
46978.057748561
46978.1577003
46978.267758867
46978.367918022
46978.467898342
46978.577670526
46978.677637422
46978.777674064
46978.887812833
46978.987649427
46979.087650343
46979.197584677
46979.297641253
46979.407849814
46979.507632201
46979.60753236
46979.717576268
46979.817621068
46979.917565255
46980.027475805
46980.127491424
46980.237463243
46980.337465813
46980.437582448
46980.547447691
46980.647425092
46980.747443426
46980.857441126
46980.957405896
46981.057404536
46981.167435132
46981.267456604
46981.36756402
46981.477408696
46981.57733226
46981.687328902
46981.787289511
46981.887407829
46981.997282686
46982.097271232
46982.197254723
46982.307199927
46982.40747237
46982.517191737
46982.617214423
46982.717186212
46982.827166004
46982.927192402
46983.02713152
46983.137135004
46983.23714016
46983.337119225
46983.447298717
46983.547090935
46983.657108191
46983.757058508
46983.857082741
46983.967252918
46984.067017653
46984.167018152
46984.277026957
46984.37719029
46984.477026774
46984.586942955
46984.68695634
46984.796927084
46984.89713925
46984.996916635
46985.10691619
46985.206903962
46985.306869689
46985.417102534
46985.516839459
46985.616850091
46985.726813919
46985.826808099
46985.936871464
46986.036807945
46986.136779594
46986.246768749
46986.346767094
46986.446817221
46986.556749528
46986.656831164
46986.756739472
46986.86692806
46986.966747258
46987.076723552
46987.176695629
46987.276688792
46987.3868594
46987.486706268
46987.586655123
46987.69661572
46987.796619055
46987.896830028
46988.006573367
46988.106571567
46988.206557225
46988.316561523
46988.416655985
46988.526568198
46988.626608587
46988.726569218
46988.836485165
46988.936587802
46989.036506356
46989.146435028
46989.246429003
46989.356424874
46989.456444051
46989.556415533
46989.66640696
46989.766492465
46989.866564006
46989.976422294
46990.076384234
46990.186339606
46990.286300802
46990.386453747
46990.496333013
46990.596301315
46990.706263133
46990.806264574
46990.906378292
46991.016243552
46991.116227333
46991.21625799
46991.326210909
46991.426359051
46991.526173151
46991.636192474
46991.736164251
46991.8461369
46991.946195112
46992.04612062
46992.156162192
46992.25608811
46992.356146051
46992.466112301
46992.566050819
46992.666060789
46992.776077046
46992.876119531
46992.986001586
46993.086007139
46993.186005857
46993.296008923
46993.39620073
46993.496038668
46993.605937404
46993.705915248
46993.805937319
46993.916097284
46994.015883024
46994.115882186
46994.225878447
46994.325853271
46994.426025441
46994.535817986
46994.635808136
46994.745818444
46994.845779207
46994.945804194
46995.055830378
46995.155748338
46995.2557435
46995.365798553
46995.465944414
46995.565754064
46995.675774211
46995.775734437
46995.875879638
46995.985708746
46996.085668461
46996.19563919
46996.295645041
46996.395817327
46996.50561465
46996.605612159
46996.705561308
46996.815573139
46996.915641369
46997.025572662
46997.125539224
46997.225540091
46997.335572699
46997.43568527
46997.535493644
46997.645495558
46997.74548025
46997.855477446
46997.955505308
46998.055483324
46998.165463284
46998.265472082
46998.365635564
46998.475428138
46998.575408756
46998.685361872
46998.785391046
46998.885565628
46998.995358634
46999.095317848
46999.195298565
46999.305319597
46999.40535516
46999.505300188
46999.615301793
46999.715258044
46999.825246064
46999.925332343
47000.025227675
47000.135230845
47000.235223064
47000.335223619
47000.445211148
47000.545193076
47000.645183645
47000.755168642
47000.855212048
47000.965320413
47001.06526615
47001.165082755
47001.275169236
47001.375308794
47001.475128251
47001.585050642
47001.68502264
47001.785009856
47001.895262201
47001.994992576
47002.104972413
47002.205006984
47002.304997809
47002.415028432
47002.51498719
47002.614951718
47002.724909331
47002.82486219
47002.924921513
47003.034860633
47003.134860462
47003.244880986
47003.344868961
47003.44484847
47003.55481574
47003.654787875
47003.754814093
47003.86494479
47003.964788552
47004.064820977
47004.174769113
47004.27475138
47004.384789124
47004.484773982
47004.584710432
47004.694686052
47004.794679141
47004.894827191
47005.004690905
47005.104638267
47005.214692789
47005.31460995
47005.414794513
47005.524576838
47005.624591061
47005.724572848
47005.834555032
