1403715523.962143 0.0602048 -0.0107620 -0.0112700 0.0076649 -0.0119437 -0.7023241 0.7117159 -0.0015801 0.0029555 0.0011865 -0.0020230 0.0207509 0.0768299 -0.0521724 0.3533656 -0.0485488 
1403715524.812143 0.0600719 -0.0105052 -0.0109974 0.0073582 -0.0121871 -0.7023760 0.7116637 -0.0065122 -0.0034362 0.0000689 -0.0019958 0.0207457 0.0768155 -0.0484777 0.3468474 -0.0393592 
1403715525.662143 0.0601399 -0.0110892 -0.0104904 0.0063644 -0.0123187 -0.7021007 0.7119427 0.0073910 0.0006936 0.0028356 -0.0019701 0.0207434 0.0767927 -0.0456675 0.3405486 -0.0305606 
1403715528.212143 0.0601922 -0.0137780 -0.0113737 0.0051078 -0.0139217 -0.7027125 0.7113194 -0.0041177 -0.0086112 -0.0088639 -0.0019130 0.0207574 0.0766577 -0.0432005 0.3277066 -0.0148054 
1403715529.062143 0.0210727 -0.1404134 -0.0186374 -0.0008061 -0.0158047 -0.6974087 0.7164989 -0.1247929 -0.2727641 -0.0192228 -0.0018947 0.0207609 0.0766076 -0.0426365 0.3230642 -0.0109857 
1403715529.112143 0.0143760 -0.1557863 -0.0198564 0.0023771 -0.0192221 -0.6972619 0.7165547 -0.1458138 -0.3387608 -0.0374163 -0.0018937 0.0207610 0.0766045 -0.0426047 0.3227814 -0.0107633 
1403715529.162143 0.0069794 -0.1734748 -0.0218863 0.0066552 -0.0240251 -0.6980206 0.7156435 -0.1516233 -0.3767890 -0.0485111 -0.0018926 0.0207612 0.0766015 -0.0425748 0.3224931 -0.0105430 
1403715529.262143 -0.0087972 -0.2140762 -0.0269490 0.0144135 -0.0384446 -0.7010560 0.7119233 -0.1635422 -0.4233843 -0.0534130 -0.0018904 0.0207615 0.0765952 -0.0425080 0.3219107 -0.0101093 
1403715529.512143 -0.0530957 -0.3028140 -0.0274226 0.0411971 -0.0727922 -0.7139146 0.6952194 -0.1917440 -0.2771553 0.0583097 -0.0018850 0.0207618 0.0765795 -0.0423543 0.3205473 -0.0089665 
1403715529.962143 -0.1569436 -0.4121767 0.0235184 0.0723428 -0.0869771 -0.7206516 0.6840050 -0.2704887 -0.3211694 0.1090252 -0.0018758 0.0207617 0.0765511 -0.0415566 0.3182278 -0.0066818 
1403715530.212143 -0.2312935 -0.5009951 0.0407529 0.0813185 -0.0743124 -0.7309342 0.6734985 -0.3408005 -0.4216904 0.0003296 -0.0018708 0.0207613 0.0765354 -0.0412939 0.3167654 -0.0054914 
1403715530.362143 -0.2884649 -0.5788353 0.0325048 0.0729313 -0.0785024 -0.7342072 0.6704165 -0.4291763 -0.6154500 -0.1087154 -0.0018679 0.0207609 0.0765262 -0.0409564 0.3158520 -0.0047476 
1403715530.512143 -0.3591366 -0.6805072 0.0116738 0.0753701 -0.0874516 -0.7277808 0.6760226 -0.5074318 -0.6897713 -0.1549614 -0.0018651 0.0207605 0.0765172 -0.0405835 0.3149613 -0.0039623 
1403715531.062143 -0.6636673 -0.9366463 -0.0435159 0.1080685 -0.1420521 -0.7283332 0.6615687 -0.5743490 -0.3562641 -0.0582581 -0.0018556 0.0207576 0.0764870 -0.0391774 0.3119304 -0.0004398 
1403715531.362143 -0.8404316 -1.0459354 -0.0321701 0.1148115 -0.1717426 -0.7081298 0.6751851 -0.5807224 -0.4260359 0.1503190 -0.0018510 0.0207559 0.0764717 -0.0378695 0.3104945 0.0017636 
1403715531.662143 -0.9911383 -1.1286027 0.0433041 0.1352220 -0.1618933 -0.7022479 0.6799658 -0.4362382 -0.1122807 0.3397687 -0.0018467 0.0207540 0.0764570 -0.0363407 0.3089661 0.0041255 
1403715532.062143 -1.1287647 -1.1793083 0.1801903 0.1494544 -0.1279492 -0.7210335 0.6643818 -0.2884261 -0.0944474 0.2895176 -0.0018416 0.0207516 0.0764380 -0.0341516 0.3068043 0.0076153 
1403715532.212143 -1.1705231 -1.1908736 0.2177847 0.1508132 -0.1236594 -0.7230507 0.6626926 -0.2688854 -0.0520157 0.2174845 -0.0018398 0.0207507 0.0764310 -0.0333140 0.3059734 0.0089850 
1403715532.362143 -1.2098964 -1.1958842 0.2440909 0.1539344 -0.1323593 -0.7189810 0.6647191 -0.2455505 -0.0094169 0.1407579 -0.0018380 0.0207498 0.0764241 -0.0324405 0.3052563 0.0104017 
1403715532.512143 -1.2421218 -1.1956232 0.2619730 0.1550358 -0.1447055 -0.7106347 0.6708372 -0.1805158 0.0139761 0.1064254 -0.0018362 0.0207490 0.0764174 -0.0315073 0.3046841 0.0118527 
1403715532.812143 -1.2599241 -1.1865470 0.2876883 0.1695904 -0.1572053 -0.6808814 0.6949288 0.1082611 0.0622319 0.0803166 -0.0018328 0.0207474 0.0764048 -0.0293823 0.3036741 0.0150946 
1403715532.962143 -1.2286149 -1.1712126 0.3011780 0.1627561 -0.1524748 -0.6748978 0.7034024 0.3127643 0.1697026 0.1116820 -0.0018311 0.0207467 0.0763986 -0.0282787 0.3031846 0.0167708 
1403715533.062143 -1.1907286 -1.1487993 0.3141335 0.1488238 -0.1436242 -0.6707641 0.7122494 0.4449865 0.2767186 0.1438893 -0.0018300 0.0207462 0.0763946 -0.0275266 0.3028633 0.0178967 
1403715533.212143 -1.1082397 -1.1033500 0.3366036 0.1278492 -0.1095537 -0.6703851 0.7226593 0.6533803 0.2602971 0.1244832 -0.0018285 0.0207455 0.0763885 -0.0265642 0.3023444 0.0196651 
1403715533.362143 -0.9949008 -1.0737081 0.3456019 0.1081243 -0.0726566 -0.6742180 0.7269527 0.8393907 0.1134913 -0.0118790 -0.0018271 0.0207448 0.0763825 -0.0258727 0.3017375 0.0214728 
1403715533.512143 -0.8594063 -1.0700125 0.3339406 0.0830471 -0.0632406 -0.6741733 0.7311595 0.9660235 -0.0621450 -0.1492088 -0.0018257 0.0207440 0.0763767 -0.0252474 0.3010866 0.0232770 
1403715533.662143 -0.7029086 -1.0935250 0.3026757 0.0660286 -0.0704180 -0.6573861 0.7473454 1.1395051 -0.2529694 -0.2634565 -0.0018244 0.0207433 0.0763708 -0.0246089 0.3004967 0.0250717 
1403715533.812143 -0.5158739 -1.1451920 0.2594684 0.0546111 -0.0748049 -0.6494018 0.7547842 1.3548601 -0.4032903 -0.2946779 -0.0018231 0.0207427 0.0763650 -0.0240934 0.2999175 0.0267846 
1403715533.962143 -0.3017300 -1.1983411 0.2195251 0.0454258 -0.0692862 -0.6634136 0.7436520 1.4851022 -0.2795941 -0.2347915 -0.0018219 0.0207421 0.0763591 -0.0237471 0.2993324 0.0283793 
1403715534.062143 -0.1505072 -1.2187501 0.1986265 0.0416572 -0.0657043 -0.6734940 0.7350874 1.5353078 -0.1354081 -0.1808213 -0.0018211 0.0207418 0.0763551 -0.0235337 0.2989068 0.0294043 
1403715534.212143 0.0816837 -1.2269621 0.1774465 0.0377405 -0.0592320 -0.6916850 0.7187761 1.5515498 0.0378837 -0.0985123 -0.0018201 0.0207413 0.0763492 -0.0231209 0.2981693 0.0309422 
1403715534.362143 0.3128691 -1.2108347 0.1684165 0.0353917 -0.0564386 -0.7029736 0.7080892 1.5322009 0.1886251 -0.0224709 -0.0018190 0.0207409 0.0763435 -0.0225871 0.2975084 0.0325122 
1403715534.512143 0.5406093 -1.1711548 0.1708505 0.0271878 -0.0498216 -0.7048202 0.7071118 1.5057125 0.3243415 0.0518556 -0.0018181 0.0207405 0.0763379 -0.0220102 0.2969648 0.0340544 
1403715534.662143 0.7637180 -1.1223925 0.1809781 0.0103687 -0.0357678 -0.6999291 0.7132408 1.4720462 0.3305289 0.0785479 -0.0018174 0.0207401 0.0763324 -0.0214096 0.2964688 0.0356161 
1403715534.962143 1.1865261 -1.0222276 0.2167415 -0.0641670 0.0011341 -0.6821796 0.7283628 1.3396583 0.3126181 0.1867135 -0.0018164 0.0207395 0.0763220 -0.0200346 0.2952712 0.0390613 
1403715535.062143 1.3177528 -0.9917633 0.2389676 -0.0866018 0.0146950 -0.6757308 0.7318962 1.2853485 0.2969508 0.2514007 -0.0018162 0.0207394 0.0763187 -0.0196073 0.2948249 0.0402640 
1403715535.212143 1.5048373 -0.9496460 0.2864630 -0.1165607 0.0210630 -0.6649508 0.7374350 1.2089492 0.2516827 0.3819189 -0.0018158 0.0207391 0.0763138 -0.0189934 0.2941760 0.0420716 
1403715535.362143 1.6843576 -0.9217159 0.3565060 -0.1336164 0.0227148 -0.6549733 0.7433980 1.1859331 0.1266473 0.5523345 -0.0018154 0.0207387 0.0763091 -0.0182953 0.2936643 0.0437829 
1403715535.662143 2.0529242 -0.9097063 0.5603872 -0.1033400 0.0520486 -0.6360538 0.7629203 1.2608925 0.0068652 0.7729487 -0.0018148 0.0207384 0.0762992 -0.0171587 0.2926814 0.0467611 
1403715536.062143 2.5468966 -0.9015941 0.8873220 -0.0724250 0.0115656 -0.6831222 0.7266119 1.1821501 -0.0014357 0.8586049 -0.0018134 0.0207376 0.0762860 -0.0160545 0.2911698 0.0502015 
1403715536.212143 2.7193122 -0.9080557 1.0223652 -0.0687453 -0.0115666 -0.6926793 0.7178689 1.1177620 -0.0721313 0.9468609 -0.0018130 0.0207374 0.0762812 -0.0155806 0.2906176 0.0513238 
1403715536.362143 2.8784015 -0.9303517 1.1712384 -0.0628790 -0.0212997 -0.7061207 0.7049724 1.0020397 -0.2039909 1.0358565 -0.0018125 0.0207372 0.0762764 -0.0151260 0.2900585 0.0524244 
1403715536.512143 3.0176924 -0.9674753 1.3336991 -0.0513274 -0.0136887 -0.7251495 0.6865394 0.8379785 -0.2851696 1.1204365 -0.0018122 0.0207371 0.0762718 -0.0147441 0.2894729 0.0535927 
1403715536.662143 3.1271150 -1.0146378 1.5060854 -0.0377633 -0.0013649 -0.7357765 0.6761693 0.6168839 -0.3436653 1.1691436 -0.0018119 0.0207370 0.0762672 -0.0142816 0.2889071 0.0547758 
1403715536.812143 3.2010553 -1.0711168 1.6787121 -0.0116038 0.0180580 -0.7382968 0.6741344 0.3655539 -0.3948834 1.1250122 -0.0018118 0.0207370 0.0762626 -0.0137609 0.2883774 0.0559714 
1403715536.962143 3.2377791 -1.1299432 1.8375877 0.0112439 0.0393203 -0.7490708 0.6612265 0.1203573 -0.3876489 0.9722436 -0.0018118 0.0207369 0.0762580 -0.0132136 0.2877420 0.0572275 
1403715537.062143 3.2396807 -1.1681420 1.9284648 0.0248996 0.0568848 -0.7563087 0.6512614 -0.0869400 -0.3870745 0.8343240 -0.0018118 0.0207369 0.0762549 -0.0128135 0.2872664 0.0580852 
1403715537.212143 3.2019910 -1.2240756 2.0304126 0.0539326 0.0894617 -0.7587469 0.6429549 -0.4169050 -0.3423665 0.5021977 -0.0018118 0.0207370 0.0762503 -0.0122258 0.2865319 0.0593678 
1403715537.362143 3.1154364 -1.2678904 2.0763329 0.0761957 0.0958672 -0.7367881 0.6649414 -0.7154653 -0.2299833 0.0996076 -0.0018120 0.0207370 0.0762459 -0.0116899 0.2857946 0.0606330 
1403715537.512143 2.9957668 -1.2921547 2.0639762 0.0540011 0.0520893 -0.7062947 0.7039307 -0.8503978 -0.1168568 -0.2451713 -0.0018122 0.0207371 0.0762418 -0.0109634 0.2850805 0.0619432 
1403715537.662143 2.8673813 -1.3102772 2.0106632 0.0189347 0.0075082 -0.6865180 0.7268274 -0.8473450 -0.1479574 -0.4293446 -0.0018126 0.0207375 0.0762379 -0.0100306 0.2844442 0.0633315 
1403715537.812143 2.7449839 -1.3351481 1.9394637 0.0249138 0.0149738 -0.6769141 0.7354879 -0.7881156 -0.1557150 -0.5261698 -0.0018130 0.0207380 0.0762340 -0.0092747 0.2838100 0.0647644 
1403715537.962143 2.6313984 -1.3490430 1.8524746 0.0308761 0.0257162 -0.6768298 0.7350421 -0.7259281 -0.0204907 -0.6415827 -0.0018135 0.0207385 0.0762302 -0.0085521 0.2831857 0.0661955 
1403715538.062143 2.5616781 -1.3499057 1.7847358 0.0235601 0.0179368 -0.6738233 0.7382990 -0.6647360 0.0027836 -0.7151488 -0.0018138 0.0207390 0.0762277 -0.0079861 0.2828217 0.0671586 
1403715538.212143 2.4706835 -1.3419076 1.6724924 0.0061397 0.0106010 -0.6641263 0.7475201 -0.5479564 0.1304080 -0.7660359 -0.0018145 0.0207397 0.0762240 -0.0070993 0.2823424 0.0686659 
1403715538.512143 2.3337346 -1.2612984 1.4413740 -0.0187932 0.0685403 -0.6618891 0.7462251 -0.3851281 0.3322162 -0.8386053 -0.0018161 0.0207418 0.0762168 -0.0054465 0.2811564 0.0718695 
1403715538.662143 2.2769464 -1.2056551 1.3047384 -0.0390510 0.1066757 -0.6617645 0.7410554 -0.3815115 0.4012503 -0.9871211 -0.0018170 0.0207429 0.0762132 -0.0047924 0.2805331 0.0734736 
1403715538.812143 2.2196978 -1.1384481 1.1483922 -0.0837226 0.1245962 -0.6482379 0.7464944 -0.3907680 0.4735534 -1.0997245 -0.0018179 0.0207441 0.0762098 -0.0040630 0.2799844 0.0751008 
1403715538.962143 2.1604959 -1.0626590 0.9799426 -0.1378936 0.1463354 -0.6281139 0.7516942 -0.4004946 0.5693754 -1.1224737 -0.0018190 0.0207455 0.0762066 -0.0032251 0.2794047 0.0767569 
1403715539.062143 2.1192482 -1.0002649 0.8684806 -0.1712644 0.1705508 -0.6111699 0.7536924 -0.4231197 0.6856554 -1.1013616 -0.0018197 0.0207465 0.0762045 -0.0026650 0.2789832 0.0778683 
1403715539.212143 2.0525116 -0.8848802 0.7075020 -0.2185753 0.2113343 -0.5801557 0.7556335 -0.4660106 0.8522402 -1.0307097 -0.0018208 0.0207480 0.0762015 -0.0018892 0.2782440 0.0795951 
1403715539.962143 1.7344396 -0.4270833 -0.0156978 -0.3176491 0.2867766 -0.4812891 0.7649961 -0.2634812 0.0583985 -1.0377160 -0.0018254 0.0207558 0.0761876 0.0015214 0.2733963 0.0869920 
1403715540.062143 1.7127908 -0.4227060 -0.1194674 -0.3213111 0.2704211 -0.4734720 0.7742454 -0.1657700 0.0453840 -1.0230801 -0.0018259 0.0207568 0.0761859 0.0021000 0.2728161 0.0878162 
1403715540.212143 1.7046511 -0.4264283 -0.2720034 -0.3205527 0.2498991 -0.4586381 0.7902199 0.0667303 -0.0598541 -1.0033470 -0.0018267 0.0207586 0.0761833 0.0030489 0.2720452 0.0889638 
1403715540.762143 1.9292505 -0.4413179 -0.7461091 -0.3462189 0.2279269 -0.4679569 0.7805114 0.7290026 0.0066258 -0.6213482 -0.0018296 0.0207652 0.0761742 0.0049269 0.2687393 0.0925912 
1403715541.512143 2.7884254 -0.4245919 -1.0879660 -0.3248639 0.2796093 -0.4775197 0.7669792 1.3992659 0.1246251 -0.3884338 -0.0018325 0.0207740 0.0761593 0.0060505 0.2648382 0.0958505 
1403715541.812143 3.2304751 -0.3990303 -1.1816187 -0.3597380 0.2611291 -0.5019278 0.7419358 1.5387815 0.0107830 -0.1940647 -0.0018335 0.0207774 0.0761526 0.0060795 0.2629435 0.0970184 
1403715542.212143 3.7996071 -0.4254174 -1.1450957 -0.3339321 0.2684034 -0.5772852 0.6951193 1.1993221 -0.1777816 0.3807500 -0.0018342 0.0207821 0.0761435 0.0053152 0.2605906 0.0983530 
1403715542.662143 4.1846677 -0.5382736 -0.9311345 -0.2007101 0.2467560 -0.5994872 0.7344672 0.5551491 -0.2004733 0.4172394 -0.0018347 0.0207876 0.0761336 0.0042341 0.2581901 0.0998545 
1403715543.062143 4.3407265 -0.5724704 -0.7935731 -0.1865946 0.2080201 -0.5912186 0.7565518 0.2779822 0.0575913 0.2878310 -0.0018351 0.0207928 0.0761256 0.0031551 0.2556816 0.1017055 
1403715543.512143 4.4429453 -0.5133732 -0.7257991 -0.1826007 0.2225368 -0.5889754 0.7551439 0.1621665 0.1822776 -0.0107929 -0.0018357 0.0207989 0.0761160 0.0018717 0.2522402 0.1040637 
1403715543.962143 4.4409466 -0.3981289 -0.8037080 -0.2254891 0.2709289 -0.6130099 0.7070863 -0.2702276 0.3527782 -0.3069978 -0.0018363 0.0208051 0.0761053 0.0010855 0.2483194 0.1062385 
1403715544.212143 4.3247815 -0.2866071 -0.8758964 -0.2947206 0.3061021 -0.5580973 0.7127193 -0.6290226 0.5699577 -0.2452328 -0.0018366 0.0208087 0.0760994 0.0008226 0.2460898 0.1074464 
1403715544.662143 3.9677692 0.0379377 -0.9449185 -0.4007219 0.4068428 -0.4102048 0.7110787 -0.8976657 0.5393259 -0.1626581 -0.0018369 0.0208156 0.0760886 0.0000145 0.2416982 0.1088360 
1403715545.062143 3.5714896 0.0686956 -1.0657737 -0.4227193 0.4264180 -0.3969891 0.6941727 -1.0972000 -0.1479979 -0.3714882 -0.0018369 0.0208215 0.0760790 -0.0004193 0.2381801 0.1091990 
1403715545.512143 3.0618828 0.0773234 -1.1989918 -0.4442566 0.4510449 -0.3368136 0.6969585 -1.1394529 0.0607240 -0.2625588 -0.0018370 0.0208287 0.0760686 -0.0005540 0.2348348 0.1086286 
1403715545.962143 2.5658643 0.0983999 -1.3885401 -0.4330578 0.4438404 -0.3434023 0.7053662 -1.0765938 0.0830659 -0.5489974 -0.0018366 0.0208353 0.0760575 -0.0018982 0.2318569 0.1068955 
1403715546.362143 2.1422579 0.1200936 -1.6068446 -0.3655895 0.3514948 -0.4536396 0.7328075 -1.0571462 0.0281784 -0.5262426 -0.0018360 0.0208402 0.0760475 -0.0035256 0.2295584 0.1045293 
1403715546.762143 1.7238972 0.1188047 -1.8202583 -0.2630112 0.2083069 -0.5572715 0.7595273 -1.0086154 0.0246497 -0.4885499 -0.0018355 0.0208443 0.0760375 -0.0045483 0.2272497 0.1016241 
1403715547.162143 1.3678957 0.1022293 -1.9657761 -0.1640467 0.0604762 -0.6434418 0.7452610 -0.7995459 -0.1095732 -0.1872224 -0.0018356 0.0208481 0.0760282 -0.0053442 0.2243108 0.0988246 
1403715547.562143 1.0481270 0.0426594 -1.9476999 -0.0684964 -0.0556176 -0.7013491 0.7073361 -0.8349352 -0.1784405 0.2964045 -0.0018359 0.0208513 0.0760199 -0.0058333 0.2209209 0.0966717 
1403715547.762143 0.8734299 -0.0037902 -1.8611835 -0.0201227 -0.1107896 -0.7235403 0.6810361 -0.9114000 -0.2857456 0.5652324 -0.0018363 0.0208530 0.0760159 -0.0058896 0.2192558 0.0957271 
1403715547.912143 0.7306523 -0.0521013 -1.7611069 0.0210116 -0.1448697 -0.7347424 0.6623631 -0.9879827 -0.3728521 0.7668781 -0.0018367 0.0208544 0.0760130 -0.0058097 0.2180630 0.0950982 
1403715548.112143 0.5247139 -0.1337476 -1.5875439 0.0856570 -0.1535571 -0.7378611 0.6516472 -1.0557991 -0.4161700 0.9441661 -0.0018377 0.0208564 0.0760091 -0.0055260 0.2166264 0.0945067 
1403715548.312143 0.3080639 -0.2149456 -1.3930474 0.1207638 -0.1404466 -0.7422189 0.6440512 -1.1199227 -0.3487686 0.9978072 -0.0018391 0.0208584 0.0760052 -0.0051439 0.2151057 0.0941908 
1403715548.712143 -0.1662875 -0.2888099 -0.9909837 0.1157040 -0.1360614 -0.7332747 0.6560549 -1.2352994 -0.1379254 0.9666492 -0.0018432 0.0208626 0.0759972 -0.0040691 0.2111617 0.0945794 
1403715549.162143 -0.7254475 -0.3604425 -0.5676703 0.1340841 -0.1307993 -0.7262413 0.6614276 -1.2385934 -0.1834284 0.8856334 -0.0018493 0.0208672 0.0759876 -0.0033886 0.2061996 0.0963821 
1403715549.562143 -1.1817829 -0.4140085 -0.2674701 0.1689865 -0.1517197 -0.7022683 0.6747176 -0.9874553 -0.0692062 0.6224163 -0.0018561 0.0208709 0.0759790 -0.0026651 0.2016894 0.0988573 
1403715550.012143 -1.4886899 -0.4698236 0.0179198 0.1117516 -0.1328168 -0.6553002 0.7351550 -0.3277948 -0.1788534 0.6772652 -0.0018658 0.0208751 0.0759694 -0.0011623 0.1962823 0.1027755 
1403715550.462143 -1.4374658 -0.6402559 0.3115429 -0.0195436 -0.0164860 -0.6500982 0.7594199 0.4661606 -0.5881341 0.6253081 -0.0018772 0.0208793 0.0759590 0.0006405 0.1900966 0.1080278 
1403715550.862143 -1.2028664 -0.7989429 0.5785233 -0.1142378 0.0936636 -0.5899076 0.7938425 0.7112204 -0.1505739 0.6957886 -0.0018885 0.0208835 0.0759493 0.0024022 0.1836860 0.1128659 
1403715551.212143 -0.8744227 -0.8468587 0.7837956 -0.1953827 0.1877237 -0.5321214 0.8021423 1.1818330 -0.2760437 0.4028948 -0.0018993 0.0208877 0.0759397 0.0037379 0.1775784 0.1168275 
1403715551.662143 -0.2374929 -0.9571440 0.8571447 -0.2915406 0.3212157 -0.4501403 0.7805116 1.5972777 -0.1518186 -0.1020712 -0.0019142 0.0208947 0.0759262 0.0045143 0.1692307 0.1217989 
1403715552.062143 0.3738738 -0.9802842 0.7300879 -0.3722325 0.4509951 -0.4026329 0.7042252 1.3453709 0.0336886 -0.5128650 -0.0019285 0.0209019 0.0759134 0.0046439 0.1607724 0.1256481 
1403715552.462143 0.7904487 -0.9468444 0.4906558 -0.4666291 0.5332389 -0.3293857 0.6240341 0.6998931 0.1099264 -0.6442983 -0.0019431 0.0209103 0.0759003 0.0049510 0.1521347 0.1280285 
1403715552.812143 0.9169441 -0.9015243 0.2711318 -0.5183037 0.6172516 -0.2066542 0.5546672 0.0228250 0.1500908 -0.6072583 -0.0019568 0.0209183 0.0758891 0.0057535 0.1450463 0.1293910 
1403715553.512143 0.4652543 -0.7280111 -0.1773418 -0.6094895 0.7148942 0.0251258 0.3417858 -1.2829468 0.3061639 -0.5807923 -0.0019852 0.0209361 0.0758675 0.0071548 0.1316326 0.1300864 
1403715553.812143 0.0345735 -0.6356700 -0.2794540 -0.6605648 0.6890175 0.0955007 0.2824690 -1.5346849 0.2704505 -0.1048764 -0.0019971 0.0209436 0.0758586 0.0071292 0.1256384 0.1303629 
1403715554.012143 -0.2735824 -0.5983740 -0.2857456 0.6723158 -0.6546585 -0.1497981 -0.3114070 -1.5234044 0.1474818 0.0055542 -0.0020046 0.0209485 0.0758533 0.0077008 0.1220810 0.1307762 
1403715554.212143 -0.5701514 -0.5684822 -0.2921577 0.6590292 -0.6315188 -0.1984247 -0.3570605 -1.4243341 0.1391144 -0.1362982 -0.0020120 0.0209536 0.0758483 0.0084231 0.1189379 0.1313342 
1403715554.462143 -0.8990815 -0.5100745 -0.3691209 0.7066778 -0.5761809 -0.1840531 -0.3670783 -1.1572188 0.3601815 -0.4495800 -0.0020209 0.0209603 0.0758426 0.0087484 0.1152534 0.1320733 
1403715554.662143 -1.0756672 -0.4147259 -0.4499893 0.8043039 -0.4890039 -0.0959599 -0.3236697 -0.5499675 0.5592244 -0.2968566 -0.0020277 0.0209656 0.0758383 0.0089217 0.1124273 0.1326038 
1403715555.062143 -0.8719330 -0.3165118 -0.3942444 0.7977827 -0.5286113 -0.0526788 -0.2851978 1.5929327 -0.3383853 0.6366743 -0.0020406 0.0209767 0.0758318 0.0102972 0.1093956 0.1338368 
1403715555.412143 -0.2366750 -0.4567035 -0.1163652 -0.5778463 0.7151634 0.1530496 0.3622303 1.6786126 -0.2851816 0.7504067 -0.0020520 0.0209877 0.0758275 0.0107279 0.1075892 0.1350660 
1403715555.612143 0.0480748 -0.5291202 0.0039870 -0.6038104 0.7060507 0.1348653 0.3445530 1.1944118 -0.4600284 0.4695369 -0.0020582 0.0209938 0.0758251 0.0103846 0.1065145 0.1358802 
1403715555.862143 0.2922413 -0.6704101 0.0977520 -0.6056052 0.6956973 0.1358479 0.3616531 0.7667073 -0.6757585 0.2426210 -0.0020655 0.0210012 0.0758225 0.0101888 0.1056300 0.1368862 
1403715556.312143 0.4450220 -0.9370874 0.1000754 -0.5757598 0.7158644 0.1308266 0.3727240 -0.1164275 -0.4412097 -0.2229785 -0.0020782 0.0210155 0.0758183 0.0105084 0.1052178 0.1384466 
1403715556.712143 0.2788234 -1.0117972 -0.0082473 -0.6442252 0.6530069 0.1151852 0.3811669 -0.5822071 0.1226403 -0.2505984 -0.0020887 0.0210276 0.0758149 0.0104580 0.1048145 0.1396363 
1403715557.162143 0.0450651 -0.9038700 -0.1556632 0.6588173 -0.6207025 -0.1293740 -0.4049081 -0.4007313 0.2787709 -0.4320001 -0.0020997 0.0210409 0.0758120 0.0107512 0.1055339 0.1405444 
1403715557.562143 -0.0720038 -0.7696861 -0.4369342 0.6556676 -0.6253179 -0.1349249 -0.4010895 -0.1894563 0.4126476 -0.9517826 -0.0021094 0.0210530 0.0758092 0.0104584 0.1069444 0.1411784 
1403715558.362143 -0.0659738 -0.5471181 -1.3123624 0.6844712 -0.6246446 -0.1273943 -0.3536792 0.1696839 0.1179536 -1.2068446 -0.0021277 0.0210759 0.0758017 0.0091923 0.1117813 0.1419404 
1403715558.712143 0.0202085 -0.4647607 -1.6913674 0.6781329 -0.6587818 -0.0852734 -0.3144371 0.2611121 0.3763797 -0.8775553 -0.0021354 0.0210854 0.0757974 0.0088795 0.1150426 0.1419059 
1403715559.162143 0.1442368 -0.3421599 -1.9746248 0.6865302 -0.6324074 -0.0230163 -0.3580606 0.3104019 0.1081653 -0.3549113 -0.0021449 0.0210972 0.0757919 0.0089391 0.1199689 0.1414047 
1403715559.562143 0.2780412 -0.3112574 -2.0120209 0.6685414 -0.5982747 0.0328745 -0.4404986 0.3711831 0.1559197 0.1639624 -0.0021537 0.0211069 0.0757880 0.0086267 0.1248805 0.1408215 
1403715560.012143 0.4798483 -0.2036175 -1.8808576 -0.6538754 0.5624190 -0.0796053 0.4997948 0.5759353 0.2153714 0.3990495 -0.0021638 0.0211171 0.0757843 0.0084442 0.1306010 0.1395860 
1403715560.462143 0.8195604 -0.2142078 -1.6750250 -0.5987337 0.5389667 -0.1496069 0.5732806 0.8809682 -0.1650240 0.4751388 -0.0021743 0.0211268 0.0757813 0.0081344 0.1366396 0.1374294 
1403715560.862143 1.1961002 -0.2823741 -1.4798993 -0.5605781 0.4983137 -0.2317093 0.6194727 1.0069387 -0.1875768 0.5136258 -0.0021839 0.0211350 0.0757785 0.0075695 0.1418282 0.1346694 
1403715561.312143 1.6752955 -0.3742031 -1.2092969 -0.4850763 0.4461701 -0.3151099 0.6828901 1.1005132 -0.1921141 0.6432701 -0.0021957 0.0211434 0.0757756 0.0068552 0.1477417 0.1307543 
1403715561.712143 2.1242550 -0.4483331 -0.9852184 -0.4408519 0.4171317 -0.3817917 0.6970551 1.1263469 -0.1870666 0.5127326 -0.0022071 0.0211506 0.0757726 0.0057651 0.1529248 0.1267212 
1403715562.162143 2.5555478 -0.5549895 -0.7386149 -0.3672112 0.4004947 -0.4830536 0.6865997 0.6992224 -0.2743106 0.5505767 -0.0022206 0.0211577 0.0757687 0.0038007 0.1573626 0.1217213 
1403715562.562143 2.7034017 -0.6619957 -0.5003830 -0.3993805 0.3436849 -0.5114574 0.6788131 0.0979762 -0.3423877 0.7329933 -0.0022326 0.0211631 0.0757656 0.0028241 0.1603562 0.1168976 
1403715562.962143 2.6730148 -0.8160579 -0.1385400 -0.3356630 0.3087701 -0.4932486 0.7407410 -0.1761986 -0.3965423 0.9817008 -0.0022445 0.0211683 0.0757628 0.0022701 0.1625198 0.1116030 
1403715563.362143 2.5868702 -0.9717217 0.2511825 -0.2355722 0.2616705 -0.5740372 0.7392670 -0.3220561 -0.3617669 0.9316802 -0.0022558 0.0211724 0.0757594 0.0005500 0.1637933 0.1058574 
1403715563.812143 2.3609262 -1.0382940 0.6338070 -0.1003734 0.1519694 -0.6767980 0.7132846 -0.7277061 0.1197446 0.7653292 -0.0022682 0.0211751 0.0757556 -0.0021724 0.1633140 0.0989988 
1403715564.062143 2.1502211 -0.9720957 0.8042042 -0.0109617 0.0752975 -0.6792530 0.7299489 -0.9180132 0.3533232 0.5519179 -0.0022748 0.0211760 0.0757538 -0.0034270 0.1624111 0.0953157 
1403715564.262143 1.9709281 -0.8988774 0.8871065 0.0545024 0.0032399 -0.6808669 0.7303692 -0.8526691 0.3429630 0.2845086 -0.0022799 0.0211766 0.0757525 -0.0044066 0.1613403 0.0926226 
1403715564.512143 1.7789059 -0.8404771 0.9156769 0.1189701 -0.1023544 -0.7105384 0.6859336 -0.6829392 0.0792211 -0.0362135 -0.0022859 0.0211765 0.0757513 -0.0054308 0.1596349 0.0898625 
1403715564.962143 1.5015780 -0.9407670 0.8184106 0.2577286 -0.2401772 -0.7440552 0.5676906 -0.6230219 -0.5035452 -0.3839084 -0.0022953 0.0211755 0.0757503 -0.0052836 0.1553902 0.0862493 
1403715565.362143 1.2497238 -1.1279579 0.6121932 -0.3785543 0.3461131 0.7082471 -0.4850653 -0.5984087 -0.2541524 -0.5312937 -0.0023019 0.0211747 0.0757503 -0.0051167 0.1513381 0.0842181 
1403715565.562143 1.1431677 -1.1521101 0.5091586 -0.4396036 0.3861362 0.6756647 -0.4484693 -0.4525856 -0.0332470 -0.5301827 -0.0023050 0.0211742 0.0757504 -0.0052466 0.1492598 0.0834654 
1403715565.812143 1.0641383 -1.1693953 0.3598154 -0.5036002 0.4505003 0.6386522 -0.3681842 -0.1656534 -0.1044855 -0.6483518 -0.0023080 0.0211735 0.0757507 -0.0051974 0.1464761 0.0830628 
1403715566.012143 1.0530844 -1.1926278 0.2278305 -0.5540488 0.5090544 0.5958377 -0.2808397 0.0430568 -0.1218321 -0.6538121 -0.0023100 0.0211730 0.0757510 -0.0050558 0.1445528 0.0829871 
1403715566.362143 1.1224526 -1.2308231 0.0243064 0.6297554 -0.5835461 -0.4971166 0.1255275 0.3504974 -0.0902392 -0.4910688 -0.0023125 0.0211724 0.0757516 -0.0048887 0.1420670 0.0833370 
1403715566.762143 1.3152233 -1.1963010 -0.1145785 0.6845866 -0.6281435 -0.3686916 -0.0290432 0.6324903 0.1958400 -0.2007911 -0.0023137 0.0211721 0.0757520 -0.0041516 0.1404907 0.0842390 
1403715566.912143 1.4184760 -1.1725887 -0.1379510 0.6932940 -0.6430652 -0.3114381 -0.0938982 0.7452477 0.1291273 -0.1079073 -0.0023162 0.0211707 0.0757528 -0.0040375 0.1409907 0.0862519 
1403715567.012143 1.4961653 -1.1606788 -0.1446040 0.6958566 -0.6507108 -0.2691714 -0.1410880 0.8091604 0.1178287 -0.0212679 -0.0023178 0.0211696 0.0757533 -0.0040066 0.1416152 0.0874900 
1403715567.212143 1.6647997 -1.1433254 -0.1298523 0.6829864 -0.6635453 -0.1784136 -0.2478017 0.8614907 0.0651195 0.1691862 -0.0023202 0.0211675 0.0757540 -0.0040756 0.1435396 0.0897145 
1403715567.462143 1.8812417 -1.1224955 -0.0686973 0.6645070 -0.6344349 -0.0620078 -0.3899716 0.8588948 0.1660454 0.3269432 -0.0023226 0.0211651 0.0757546 -0.0041306 0.1463886 0.0921730 
1403715567.812143 2.1689220 -1.0222736 0.0801890 -0.6137821 0.5750536 -0.1157680 0.5283774 0.7953944 0.3128878 0.4990333 -0.0023256 0.0211625 0.0757547 -0.0039320 0.1511992 0.0950489 
1403715568.112143 2.4001965 -0.9414447 0.2465662 -0.5473945 0.5133432 -0.2652894 0.6053590 0.7233957 0.2028213 0.6276827 -0.0023280 0.0211601 0.0757542 -0.0038531 0.1557272 0.0969297 
1403715568.412143 2.5862223 -0.8954971 0.4598550 -0.4584756 0.4446810 -0.3852564 0.6660604 0.5082717 0.0999894 0.7702592 -0.0023299 0.0211576 0.0757535 -0.0039006 0.1602025 0.0979778 
1403715568.812143 2.7104176 -0.9075213 0.7756522 -0.3341670 0.3261623 -0.5159648 0.7181440 0.1119455 -0.1394302 0.7980661 -0.0023313 0.0211544 0.0757531 -0.0043766 0.1654661 0.0979974 
1403715569.212143 2.6944728 -0.9660373 1.0905102 -0.2245461 0.1981493 -0.5954739 0.7454708 -0.1487439 -0.1418817 0.7755335 -0.0023322 0.0211525 0.0757517 -0.0053423 0.1697284 0.0965583 
1403715570.212143 2.2626834 -1.1254131 1.6380108 0.0480192 -0.0073253 -0.7147638 0.6976770 -0.7399311 -0.0623115 0.2090643 -0.0023317 0.0211507 0.0757430 -0.0096390 0.1749694 0.0887827 
1403715570.312143 2.1867482 -1.1298602 1.6545830 0.0827119 -0.0366036 -0.7224099 0.6855238 -0.7812183 -0.0161713 0.1232359 -0.0023316 0.0211506 0.0757425 -0.0103132 0.1750056 0.0873818 
1403715570.412143 2.1069855 -1.1293975 1.6617511 0.1201040 -0.0659797 -0.7290201 0.6706351 -0.8145984 0.0386113 0.0288919 -0.0023317 0.0211507 0.0757422 -0.0111920 0.1747704 0.0856872 
1403715570.512143 2.0249736 -1.1245730 1.6591394 0.1592255 -0.0970244 -0.7320930 0.6551895 -0.8193440 0.0735858 -0.0790173 -0.0023319 0.0211510 0.0757421 -0.0121042 0.1744385 0.0839243 
1403715570.612143 1.9435685 -1.1137218 1.6449889 0.1973812 -0.1280463 -0.7362406 0.6345034 -0.8095638 0.1442482 -0.2059426 -0.0023319 0.0211515 0.0757418 -0.0129946 0.1737581 0.0819916 
1403715570.812143 1.7877718 -1.0733263 1.5836495 0.2592044 -0.2071415 -0.7374566 0.5882714 -0.7552133 0.2365399 -0.4073727 -0.0023315 0.0211529 0.0757414 -0.0146160 0.1721320 0.0782835 
1403715571.212143 1.5086908 -0.9639016 1.3878998 0.3531789 -0.3246006 -0.7114143 0.5136037 -0.6405476 0.2733376 -0.5555400 -0.0023311 0.0211565 0.0757404 -0.0168003 0.1679264 0.0717474 
1403715571.662143 1.3036407 -0.8170276 1.1057275 0.3475749 -0.3701343 -0.6953322 0.5086310 -0.3237612 0.4758867 -0.6202063 -0.0023274 0.0211612 0.0757369 -0.0195291 0.1622911 0.0658608 
1403715571.862143 1.2435495 -0.7107303 1.0099385 0.2876250 -0.4376208 -0.6701089 0.5260361 -0.2925433 0.5007896 -0.3033154 -0.0023253 0.0211632 0.0757353 -0.0205843 0.1596469 0.0635348 
1403715572.312143 1.0371475 -0.6213267 1.1308663 -0.2970207 0.4045773 0.7375202 -0.4518405 -0.7849266 -0.0501184 0.6842403 -0.0023195 0.0211662 0.0757311 -0.0228658 0.1530414 0.0593322 
1403715572.712143 0.6620639 -0.6071904 1.3504356 -0.4457026 0.3806033 0.7093618 -0.3915305 -0.9622816 0.1198504 0.3181969 -0.0023119 0.0211670 0.0757265 -0.0244137 0.1467958 0.0564366 
1403715573.112143 0.2983283 -0.6153006 1.3544461 -0.5059774 0.4661072 0.6509429 -0.3209427 -0.8423104 -0.1961419 -0.2505913 -0.0023041 0.0211663 0.0757219 -0.0254818 0.1397155 0.0542580 
1403715573.512143 0.0015166 -0.6868522 1.2362171 -0.5435554 0.5553875 0.5849766 -0.2321521 -0.6826373 -0.1387860 -0.2677830 -0.0022976 0.0211639 0.0757192 -0.0257835 0.1318512 0.0529736 
1403715573.912143 -0.2792768 -0.7492055 1.1496562 -0.5833474 0.5893173 0.5495301 -0.1021156 -0.7369698 -0.1485488 -0.2383828 -0.0022925 0.0211596 0.0757184 -0.0260728 0.1239499 0.0522671 
1403715574.262143 -0.5654309 -0.7932432 1.0214187 -0.6228775 0.6255742 0.4694427 0.0174380 -0.9011768 -0.1100719 -0.4845280 -0.0022894 0.0211563 0.0757172 -0.0263538 0.1170768 0.0514570 
1403715574.612143 -0.8640248 -0.8044315 0.8312808 0.6933714 -0.5959586 -0.3949914 -0.0897295 -0.7207970 0.0663366 -0.6117303 -0.0022854 0.0211545 0.0757142 -0.0266698 0.1103257 0.0505066 
1403715575.012143 -1.0649324 -0.7641216 0.5284801 0.6764390 -0.6320808 -0.3577498 -0.1221443 -0.3447811 0.0972000 -0.8726413 -0.0022815 0.0211540 0.0757128 -0.0270716 0.1029089 0.0490032 
1403715575.312143 -1.1446616 -0.7414547 0.2671746 0.7003563 -0.6306873 -0.3243641 -0.0807619 -0.1528325 0.0837079 -0.8017125 -0.0022794 0.0211542 0.0757116 -0.0273744 0.0977365 0.0479243 
1403715575.712143 -1.1301313 -0.7234627 -0.0275399 0.7179221 -0.5907290 -0.3609312 -0.0731825 0.2730211 -0.0000314 -0.7414998 -0.0022773 0.0211554 0.0757103 -0.0273477 0.0913011 0.0467594 
1403715576.112143 -0.8900384 -0.6982123 -0.3255551 0.6884580 -0.6182491 -0.3735125 -0.0654372 0.8468664 0.1006479 -0.7366185 -0.0022757 0.0211566 0.0757094 -0.0271287 0.0859913 0.0456655 
1403715576.512143 -0.5176031 -0.6723604 -0.6103006 0.6907873 -0.6359592 -0.3416617 -0.0404497 1.0287470 -0.0089778 -0.6304984 -0.0022745 0.0211582 0.0757097 -0.0270199 0.0817929 0.0442750 
1403715576.962143 0.0282872 -0.7006222 -0.7779572 0.6812118 -0.6250256 -0.3801833 -0.0274626 1.3937317 -0.1235716 -0.1727230 -0.0022730 0.0211603 0.0757113 -0.0273870 0.0779584 0.0422431 
1403715577.362143 0.5977768 -0.7157476 -0.8069513 -0.6428179 0.6444794 0.4140139 -0.0048912 1.3852093 0.2493750 0.0794528 -0.0022720 0.0211626 0.0757135 -0.0278031 0.0750589 0.0402891 
1403715577.812143 1.2123628 -0.6371090 -0.7429829 -0.6370429 0.6438703 0.4235509 -0.0145603 1.3127035 0.0005716 0.1721334 -0.0022710 0.0211642 0.0757168 -0.0289196 0.0730124 0.0380966 
1403715578.212143 1.6779479 -0.5508620 -0.5890770 -0.5614056 0.6794037 0.4688727 -0.0582467 0.9270185 0.3726681 0.5843359 -0.0022707 0.0211645 0.0757196 -0.0296813 0.0718191 0.0360411 
1403715578.462143 1.8540813 -0.4746091 -0.4235904 -0.5494781 0.6417625 0.5220299 -0.1170450 0.5286693 0.2692658 0.7305227 -0.0022706 0.0211646 0.0757212 -0.0301850 0.0707425 0.0348122 
1403715578.612143 1.9210292 -0.4302798 -0.3106551 -0.5345126 0.6056330 0.5762023 -0.1244825 0.3647540 0.3080132 0.7521143 -0.0022706 0.0211645 0.0757219 -0.0304833 0.0701404 0.0338605 
1403715578.712143 1.9505858 -0.3985215 -0.2389760 -0.5156098 0.5887782 0.6115507 -0.1161574 0.2106605 0.3167153 0.6675240 -0.0022706 0.0211644 0.0757226 -0.0308078 0.0696868 0.0330754 
1403715578.862143 1.9592821 -0.3522010 -0.1547958 -0.4964795 0.5775738 0.6376351 -0.1154902 -0.1055011 0.3066084 0.4493919 -0.0022705 0.0211646 0.0757237 -0.0311297 0.0694734 0.0317102 
1403715579.162143 1.8442970 -0.2805828 -0.1050063 -0.5683484 0.5111965 0.6297340 -0.1381789 -0.5335341 0.1497649 -0.1695298 -0.0022701 0.0211648 0.0757253 -0.0317996 0.0691828 0.0290774 
1403715579.312143 1.7673981 -0.2571093 -0.1568064 -0.6071983 0.4788602 0.6163159 -0.1488550 -0.4613398 0.2059802 -0.5032013 -0.0022700 0.0211648 0.0757261 -0.0321928 0.0689642 0.0278592 
1403715579.412143 1.7248626 -0.2319050 -0.2165332 -0.6095200 0.4774953 0.6142550 -0.1522312 -0.3864043 0.2976789 -0.6829277 -0.0022697 0.0211647 0.0757266 -0.0323745 0.0687881 0.0270642 
1403715579.612143 1.6637200 -0.1600990 -0.3898203 -0.5875840 0.5053616 0.6120382 -0.1573656 -0.2577324 0.3818907 -1.0382076 -0.0022693 0.0211646 0.0757274 -0.0327189 0.0686186 0.0254373 
1403715580.012143 1.5955888 -0.0267831 -0.9035971 -0.5891954 0.5215582 0.5895580 -0.1823383 -0.0800066 0.3157308 -1.4557020 -0.0022690 0.0211645 0.0757282 -0.0345132 0.0687607 0.0227162 
1403715580.362143 1.5905181 0.1502892 -1.4038105 -0.5407785 0.5167579 0.6081697 -0.2657996 0.0532273 0.5989952 -1.4089519 -0.0022687 0.0211642 0.0757302 -0.0359551 0.0686553 0.0208364 
1403715580.812143 1.6413791 0.3895899 -1.9891715 -0.4475682 0.5378063 0.6169467 -0.3603107 0.0984318 0.4197650 -1.0723382 -0.0022674 0.0211632 0.0757352 -0.0373909 0.0686022 0.0191230 
1403715581.212143 1.6282208 0.4760006 -2.2500800 -0.4044196 0.5527130 0.6334737 -0.3600892 -0.2328796 -0.0118648 -0.2258328 -0.0022662 0.0211626 0.0757383 -0.0382974 0.0678028 0.0185968 
1403715581.662143 1.4454454 0.4485072 -2.2272877 -0.4980455 0.5141657 0.6347860 -0.2909142 -0.5198920 0.0688949 0.2368451 -0.0022638 0.0211624 0.0757420 -0.0400226 0.0658065 0.0179687 
1403715581.912143 1.3150034 0.4664626 -2.1823646 -0.5609642 0.5111540 0.6177728 -0.2059067 -0.5042852 -0.0047671 0.0476390 -0.0022619 0.0211621 0.0757425 -0.0405038 0.0650641 0.0174379 
1403715582.162143 1.1996902 0.4396965 -2.2028832 0.6038085 -0.5494986 -0.5501725 0.1754331 -0.3943745 -0.1284750 -0.1296783 -0.0022607 0.0211617 0.0757434 -0.0409906 0.0643128 0.0169094 
1403715582.562143 1.0881761 0.4680100 -2.2276645 0.5964949 -0.5680663 -0.5530427 0.1250533 -0.2018624 0.0657632 -0.1205478 -0.0022598 0.0211598 0.0757445 -0.0419579 0.0630089 0.0164120 
1403715583.012143 0.9785139 0.5050609 -2.3515324 -0.5561610 0.5687125 0.5951665 -0.1141395 -0.3457879 0.3133233 -0.3701159 -0.0022582 0.0211585 0.0757514 -0.0420176 0.0613815 0.0159875 
1403715583.212143 0.8878135 0.5796291 -2.4427762 -0.5633949 0.5660792 0.5859115 -0.1372891 -0.5334115 0.3736057 -0.5403192 -0.0022577 0.0211581 0.0757546 -0.0420159 0.0607800 0.0157738 
1403715583.612143 0.6932201 0.7396513 -2.6444212 0.6218563 -0.5651274 -0.4924391 0.2267807 -0.2992331 0.3557367 -0.3677875 -0.0022592 0.0211561 0.0757613 -0.0433309 0.0597093 0.0151512 
1403715583.862143 0.6931529 0.8125523 -2.6892029 0.6719567 -0.5395538 -0.4288211 0.2710505 0.3966107 0.1460100 0.0286511 -0.0022594 0.0211542 0.0757644 -0.0443209 0.0587490 0.0145981 
1403715584.312143 1.2060894 0.6488968 -2.4776093 -0.5818936 0.6097317 0.4976136 -0.2049582 1.5578843 -0.6974402 0.8661188 -0.0022577 0.0211499 0.0757713 -0.0460737 0.0571663 0.0135144 
1403715584.712143 1.7723035 0.4432933 -2.0530545 -0.5447802 0.6042114 0.5648546 -0.1381394 1.1686459 -0.5003609 1.1211459 -0.0022549 0.0211468 0.0757791 -0.0474294 0.0556366 0.0127362 
1403715585.162143 2.1823498 0.2404097 -1.6355925 -0.5301755 0.5696228 0.6211437 -0.0928678 0.6260425 -0.3582265 0.6466773 -0.0022499 0.0211430 0.0757885 -0.0486534 0.0545742 0.0116521 
1403715585.562143 2.2960906 0.1110459 -1.5078514 -0.5665560 0.5614709 0.5917876 -0.1164137 0.0595862 -0.2306198 0.0658112 -0.0022455 0.0211397 0.0757954 -0.0495723 0.0541676 0.0104609 
1403715586.012143 2.2852745 0.1493686 -1.5251136 -0.5529130 0.5954000 0.5669506 -0.1354735 -0.1274204 0.3519636 -0.0918148 -0.0022419 0.0211353 0.0758010 -0.0505068 0.0539384 0.0085926 
1403715586.462143 2.1731569 0.1820218 -1.5600962 0.6161895 -0.5538505 -0.5321759 0.1742096 -0.1935381 0.0002073 -0.0170391 -0.0022387 0.0211308 0.0758019 -0.0510459 0.0544484 0.0057743 
1403715586.862143 2.1890596 0.1889928 -1.5633660 0.5944634 -0.5688448 -0.5433574 0.1667084 0.2309656 0.0189066 -0.0008643 -0.0022363 0.0211266 0.0758012 -0.0510376 0.0556068 0.0024430 
1403715587.312143 2.2851458 0.1574880 -1.5801587 0.5939875 -0.5666813 -0.5460116 0.1671004 0.2137567 -0.1431563 -0.0792049 -0.0022367 0.0211226 0.0757999 -0.0509438 0.0581398 -0.0020995 
1403715587.712143 2.3876272 0.0958776 -1.5759804 -0.5544378 0.6045894 0.5374048 -0.1956182 0.2408422 -0.2110465 0.1783514 -0.0022373 0.0211188 0.0757971 -0.0507406 0.0624025 -0.0062936 
1403715587.912143 2.4252601 0.0429431 -1.5195719 -0.5282678 0.5858607 0.5662428 -0.2388922 0.1401687 -0.3155482 0.3751583 -0.0022392 0.0211165 0.0757945 -0.0509524 0.0648452 -0.0080340 
1403715588.112143 2.4529566 -0.0217675 -1.4289814 -0.5213784 0.5298537 0.5970484 -0.3015839 0.1653744 -0.2760295 0.5338166 -0.0022412 0.0211146 0.0757926 -0.0513618 0.0672171 -0.0097374 
1403715588.362143 2.5105061 -0.0272397 -1.2642851 -0.4943010 0.4684498 0.6252376 -0.3811814 0.3302244 0.1605225 0.7532545 -0.0022436 0.0211118 0.0757914 -0.0526162 0.0703475 -0.0116652 
1403715588.512143 2.5715033 -0.0035555 -1.1482461 -0.4680496 0.4389628 0.6426824 -0.4185696 0.4818216 0.1508262 0.7830130 -0.0022454 0.0211093 0.0757913 -0.0534458 0.0720636 -0.0126886 
1403715588.812143 2.7500546 0.0384027 -0.9090752 -0.3880411 0.3998614 0.6883226 -0.4644857 0.6701170 0.1476512 0.8137911 -0.0022492 0.0211047 0.0757916 -0.0547135 0.0746445 -0.0141862 
1403715589.162143 2.9463571 0.0746205 -0.6174433 -0.2689571 0.3636026 0.7484769 -0.4850130 0.3292667 -0.0823077 0.8353457 -0.0022552 0.0211010 0.0757915 -0.0561297 0.0767575 -0.0150791 
1403715589.562143 2.9478438 -0.0641414 -0.2666235 0.1849044 -0.3275710 -0.7643829 0.5236664 -0.3382670 -0.5296753 0.9968688 -0.0022617 0.0210964 0.0757917 -0.0568479 0.0779121 -0.0153434 
1403715590.012143 2.6027111 -0.4782903 0.2330210 0.2513913 -0.2568160 -0.7415332 0.5665478 -1.0069647 -1.0125637 1.1371002 -0.0022692 0.0210915 0.0757921 -0.0572311 0.0786179 -0.0145445 
1403715590.462143 2.1315714 -0.8653793 0.6977836 0.2838481 -0.2669310 -0.7617124 0.5176605 -1.1677167 -0.7715581 0.8616743 -0.0022783 0.0210883 0.0757935 -0.0570485 0.0779558 -0.0124873 
1403715590.862143 1.5997627 -1.1352478 0.9589666 -0.3610277 0.3632174 0.7346993 -0.4449147 -1.4626519 -0.6108219 0.4653771 -0.0022865 0.0210870 0.0757948 -0.0564605 0.0765618 -0.0097656 
1403715591.312143 0.9300086 -1.3639239 1.1131965 -0.4799955 0.4537486 0.6871970 -0.3024513 -1.5146594 -0.4053913 0.1852455 -0.0022943 0.0210878 0.0757943 -0.0551379 0.0748564 -0.0050153 
1403715591.712143 0.3211738 -1.4596417 1.1051183 -0.5624276 0.5247849 0.6161796 -0.1691117 -1.5293937 0.0170019 -0.1624411 -0.0023017 0.0210904 0.0757931 -0.0525286 0.0738537 -0.0000220 
1403715592.162143 -0.3326271 -1.2964288 0.9672902 0.6483386 -0.5464274 -0.5287360 0.0388888 -1.3011980 0.5680197 -0.5575060 -0.0023084 0.0210942 0.0757915 -0.0495006 0.0741531 0.0071615 
1403715592.512143 -0.6829052 -1.1365908 0.6645291 0.7115475 -0.5558874 -0.4254588 -0.0606140 -0.6548389 0.3879217 -1.1174187 -0.0023125 0.0210977 0.0757919 -0.0474997 0.0754309 0.0131942 
1403715592.962143 -0.7522505 -0.9289450 0.0901355 0.7093365 -0.6105551 -0.2911816 -0.1981854 0.2933828 0.5077738 -1.3816043 -0.0023143 0.0211050 0.0757896 -0.0453905 0.0793650 0.0212178 
1403715593.362143 -0.5983696 -0.7247093 -0.4580528 0.6839253 -0.6403627 -0.1536545 -0.3139619 0.4262226 0.5055336 -1.3316999 -0.0023150 0.0211116 0.0757847 -0.0435761 0.0835454 0.0279275 
1403715593.812143 -0.3234011 -0.5213446 -1.0011996 0.6899582 -0.5998603 0.0079987 -0.4050448 0.7899782 0.3731848 -1.0023004 -0.0023148 0.0211161 0.0757803 -0.0415022 0.0896327 0.0343148 
1403715594.212143 0.0337738 -0.3964650 -1.2875592 -0.6411460 0.5517290 -0.1220741 0.5192541 0.9913334 0.2323718 -0.4959828 -0.0023138 0.0211186 0.0757780 -0.0398043 0.0966144 0.0386156 
1403715594.662143 0.5187385 -0.3367291 -1.4118910 -0.5892430 0.4713067 -0.2616637 0.6018262 1.1565967 0.0487454 -0.0050412 -0.0023114 0.0211198 0.0757770 -0.0382167 0.1054052 0.0416981 
1403715595.012143 0.9635179 -0.3346652 -1.3463416 -0.5004695 0.3912633 -0.3263783 0.6999432 1.4177940 -0.0167647 0.3107275 -0.0023090 0.0211201 0.0757781 -0.0369278 0.1130349 0.0432112 
1403715595.462143 1.6839100 -0.3487123 -1.1756124 -0.3666930 0.3199810 -0.4510485 0.7481335 1.7083912 -0.0034280 0.4250651 -0.0023052 0.0211208 0.0757817 -0.0364604 0.1234527 0.0436391 
1403715595.862143 2.3219368 -0.3617299 -1.0035015 -0.2586777 0.2702945 -0.6294929 0.6810033 1.2987404 -0.1082258 0.4701887 -0.0023027 0.0211201 0.0757841 -0.0364440 0.1324204 0.0430000 
1403715596.312143 2.5562720 -0.4677994 -0.8790822 -0.1514238 0.2405010 -0.6764629 0.6794321 -0.2680653 -0.2680107 -0.0468358 -0.0023004 0.0211177 0.0757887 -0.0355930 0.1420758 0.0417949 
1403715596.712143 2.3303465 -0.6048957 -0.8818579 -0.2066194 0.0507988 -0.6312719 0.7458041 -0.6325354 -0.4426543 0.2136233 -0.0023003 0.0211163 0.0757943 -0.0346840 0.1510355 0.0401409 
1403715597.162143 2.1238523 -0.8576847 -0.5610367 -0.1793256 -0.0277489 -0.6348454 0.7510284 -0.2426774 -0.7361230 1.2668936 -0.0023005 0.0211165 0.0757990 -0.0344997 0.1606878 0.0378260 
1403715597.562143 2.0793797 -1.1748646 0.0497600 -0.0364606 0.0302193 -0.6588574 0.7507758 -0.0132728 -0.7500078 1.5948180 -0.0023029 0.0211177 0.0757998 -0.0351450 0.1684302 0.0356235 
1403715597.912143 2.0943218 -1.4027053 0.5828468 0.0252110 -0.0146236 -0.6895815 0.7236214 0.0982043 -0.6154212 1.4406310 -0.0023047 0.0211194 0.0757974 -0.0356760 0.1744909 0.0331429 
1403715598.212143 2.1337310 -1.5624907 0.9849732 0.0563485 -0.0043285 -0.7017036 0.7102241 0.1425028 -0.3898897 1.2451749 -0.0023056 0.0211207 0.0757951 -0.0364927 0.1792421 0.0305227 
1403715598.662143 2.1978929 -1.6219852 1.3911149 0.1117037 0.0539317 -0.6838602 0.7189915 0.1811730 0.0849151 0.3936796 -0.0023057 0.0211202 0.0757923 -0.0380819 0.1848104 0.0261588 
1403715599.062143 2.2755279 -1.5147092 1.4278007 0.0351142 -0.0048670 -0.7017729 0.7115182 0.1741275 0.3842104 -0.0730629 -0.0023053 0.0211200 0.0757898 -0.0389065 0.1894658 0.0221839 
1403715599.962143 2.5427416 -1.0465983 1.2601429 0.0339107 -0.0123167 -0.6853518 0.7273179 0.5801166 0.5889908 -0.3383026 -0.0022997 0.0211182 0.0757860 -0.0417238 0.1997180 0.0127842 
1403715600.362143 2.7196539 -0.8120875 1.1151958 0.0344474 -0.0413673 -0.7585746 0.6493587 0.1716090 0.5891504 -0.3735193 -0.0022964 0.0211160 0.0757856 -0.0435487 0.2031860 0.0088491 
1403715600.562143 2.7224990 -0.6947140 1.0376907 0.0713830 -0.1131858 -0.7551365 0.6417650 -0.1235301 0.5715158 -0.3914781 -0.0022944 0.0211149 0.0757861 -0.0441829 0.2049612 0.0070239 
1403715601.012143 2.5849820 -0.5819834 0.8765523 0.1925973 -0.2350483 -0.7491331 0.5886070 -0.4518172 -0.0642750 -0.3265432 -0.0022897 0.0211130 0.0757888 -0.0453824 0.2092816 0.0041662 
1403715601.462143 2.3334197 -0.7092136 0.7184039 0.2412906 -0.2479890 -0.7565436 0.5549073 -0.6756609 -0.3082629 -0.3895064 -0.0022865 0.0211116 0.0757927 -0.0463397 0.2140130 0.0026698 
1403715601.862143 2.0249241 -0.8152592 0.5571163 0.2525268 -0.2470839 -0.7418389 0.5699604 -0.8263104 -0.2366184 -0.4172742 -0.0022849 0.0211101 0.0757965 -0.0468774 0.2186717 0.0019025 
1403715602.062143 1.8618971 -0.8590443 0.4690592 0.2667334 -0.2082540 -0.7306571 0.5929787 -0.7935112 -0.1581939 -0.4734484 -0.0022846 0.0211093 0.0757987 -0.0473997 0.2211988 0.0016650 
1403715602.512143 1.5757711 -0.8491742 0.1877406 0.1727269 -0.1608454 -0.7276203 0.6440985 -0.5083123 0.0973076 -0.7475817 -0.0022846 0.0211058 0.0758051 -0.0492543 0.2261242 0.0017388 
1403715602.962143 1.3436033 -0.7128591 -0.1170578 0.0675592 -0.0879333 -0.7293350 0.6751104 -0.5813909 0.5636359 -0.5765717 -0.0022866 0.0211025 0.0758129 -0.0508435 0.2304595 0.0027454 
1403715603.362143 1.0838944 -0.4667289 -0.3238298 -0.0103053 -0.0317702 -0.7094090 0.7040052 -0.7142327 0.5807333 -0.4647357 -0.0022898 0.0210987 0.0758205 -0.0517973 0.2340637 0.0041587 
1403715603.762143 0.7895729 -0.2868898 -0.4817368 -0.0200718 -0.0153357 -0.6623243 0.7487914 -0.6609776 0.3281518 -0.3388831 -0.0022932 0.0210961 0.0758271 -0.0526064 0.2375580 0.0053967 
1403715604.012143 0.6604525 -0.2339422 -0.5642925 -0.0370031 -0.0390963 -0.6458378 0.7615746 -0.3641787 0.0899031 -0.2811255 -0.0022956 0.0210944 0.0758308 -0.0530805 0.2394973 0.0060034 
1403715604.212143 0.6058410 -0.2236881 -0.6028266 -0.0462489 -0.0304133 -0.6742149 0.7364580 -0.2164727 0.0443054 -0.0935087 -0.0022974 0.0210933 0.0758334 -0.0533872 0.2408273 0.0064692 
1403715604.462143 0.5559969 -0.2078450 -0.6027507 -0.0439706 -0.0200126 -0.6849361 0.7269998 -0.1942066 0.0576368 0.0883402 -0.0022992 0.0210920 0.0758361 -0.0538248 0.2423606 0.0070350 
1403715604.862143 0.4775290 -0.1929965 -0.5412087 -0.0251851 0.0026915 -0.6889997 0.7243189 -0.2199500 0.0142536 0.1823748 -0.0023015 0.0210904 0.0758392 -0.0542917 0.2443597 0.0078583 
1403715605.312143 0.3695056 -0.2120545 -0.4545346 -0.0195825 -0.0004177 -0.6883399 0.7251238 -0.2588511 -0.1100088 0.2078272 -0.0023031 0.0210895 0.0758414 -0.0546359 0.2459202 0.0085217 
1403715605.712143 0.2803076 -0.1988173 -0.3513227 -0.0126068 -0.0109111 -0.6801517 0.7328817 -0.1653847 0.1292190 0.2994715 -0.0023041 0.0210892 0.0758422 -0.0548472 0.2467845 0.0087741 
1403715606.012143 0.2357613 -0.1747308 -0.2629451 -0.0095302 -0.0027627 -0.6930308 0.7208397 -0.1553600 0.0983521 0.3064126 -0.0023043 0.0210891 0.0758423 -0.0548569 0.2468450 0.0087940 
1403715606.112143 0.2197466 -0.1615019 -0.2316175 -0.0077339 -0.0024036 -0.6947175 0.7192371 -0.1652649 0.1512460 0.3135820 -0.0023043 0.0210891 0.0758423 -0.0548539 0.2468347 0.0087910 
1403715606.212143 0.2017135 -0.1433252 -0.1994677 -0.0065927 -0.0041908 -0.6943090 0.7196346 -0.1850267 0.1750276 0.3084100 -0.0023043 0.0210891 0.0758423 -0.0548539 0.2468347 0.0087910 
1403715606.262143 0.1920441 -0.1347934 -0.1839500 -0.0048241 -0.0055330 -0.6916074 0.7222364 -0.1960774 0.1570259 0.3044956 -0.0023043 0.0210891 0.0758423 -0.0548574 0.2468321 0.0087793 
1403715606.312143 0.1822493 -0.1278527 -0.1690053 -0.0033001 -0.0075522 -0.6892261 0.7244994 -0.1941654 0.1166977 0.2925654 -0.0023043 0.0210891 0.0758425 -0.0548389 0.2468990 0.0087744 
1403715606.362143 0.1727545 -0.1234467 -0.1548316 -0.0021764 -0.0093948 -0.6872579 0.7263495 -0.1860970 0.0592114 0.2738983 -0.0023044 0.0210892 0.0758427 -0.0548087 0.2470198 0.0088187 
1403715606.412143 0.1636183 -0.1215233 -0.1414110 -0.0009648 -0.0110796 -0.6851985 0.7282714 -0.1736062 0.0137788 0.2575600 -0.0023046 0.0210894 0.0758430 -0.0547411 0.2471852 0.0088860 
1403715606.462143 0.1550721 -0.1223098 -0.1288794 0.0005640 -0.0113040 -0.6845011 0.7289239 -0.1668709 -0.0389120 0.2461726 -0.0023049 0.0210898 0.0758435 -0.0546687 0.2473574 0.0089605 
1403715606.562143 0.1390512 -0.1277399 -0.1056238 0.0046642 -0.0124580 -0.6819835 0.7312466 -0.1499651 -0.0508239 0.2221848 -0.0023056 0.0210908 0.0758445 -0.0545528 0.2476986 0.0091050 
1403715606.612143 0.1318663 -0.1299058 -0.0946233 0.0071163 -0.0134115 -0.6803355 0.7327436 -0.1375586 -0.0370562 0.2157257 -0.0023061 0.0210914 0.0758453 -0.0544647 0.2479989 0.0091700 
1403715606.662143 0.1254122 -0.1312503 -0.0838694 0.0094428 -0.0144912 -0.6786591 0.7342497 -0.1209843 -0.0168503 0.2142847 -0.0023065 0.0210919 0.0758462 -0.0543682 0.2482975 0.0092367 
1403715606.712143 0.1197593 -0.1316757 -0.0730392 0.0120716 -0.0158441 -0.6758694 0.7367522 -0.1059323 0.0022761 0.2181854 -0.0023069 0.0210925 0.0758470 -0.0542681 0.2485992 0.0093011 
1403715606.762143 0.1151985 -0.1307391 -0.0621150 0.0146659 -0.0169152 -0.6732782 0.7390502 -0.0760690 0.0340367 0.2156873 -0.0023073 0.0210931 0.0758478 -0.0541733 0.2488964 0.0093554 
1403715607.212143 0.1125300 -0.0908666 0.0060087 0.0140364 -0.0096336 -0.6983981 0.7155070 -0.0100971 0.1163053 0.0773282 -0.0023104 0.0210965 0.0758529 -0.0535777 0.2507556 0.0093448 
1403715607.462143 0.1055357 -0.0676452 0.0137386 0.0129123 -0.0096811 -0.6996305 0.7143226 -0.0446706 0.0711210 -0.0107639 -0.0023118 0.0210980 0.0758553 -0.0533678 0.2516854 0.0093311 
1403715607.812143 0.0744016 -0.0435703 -0.0031893 0.0065400 -0.0095972 -0.6986650 0.7153547 -0.1338697 0.1311420 -0.0616110 -0.0023133 0.0210994 0.0758575 -0.0531768 0.2527590 0.0094030 
1403715608.212143 0.0599106 -0.0260466 -0.0058291 0.0051061 -0.0137910 -0.7038432 0.7102031 0.0219385 0.0097078 -0.0159884 -0.0023142 0.0211003 0.0758590 -0.0529215 0.2534980 0.0094815 
1403715608.662143 0.0603410 -0.0250567 -0.0043971 0.0052299 -0.0141055 -0.7027835 0.7112447 -0.0052925 0.0030251 -0.0008574 -0.0023146 0.0211007 0.0758595 -0.0528431 0.2536522 0.0094730 
1403715609.062143 0.0604967 -0.0249968 -0.0043544 0.0054067 -0.0141333 -0.7024340 0.7115880 0.0112509 -0.0053568 0.0015162 -0.0023146 0.0211007 0.0758595 -0.0528711 0.2535214 0.0094796 
