1403715523.962143 0.065222912 -0.020706387 -0.008054603 0.007707180 -0.010499324 -0.701752841 0.712301433
1403715524.012143 0.064835802 -0.020647824 -0.007729113 0.007594751 -0.010395356 -0.701853275 0.712205231
1403715524.062143 0.065099388 -0.020577988 -0.007632562 0.007738100 -0.010344017 -0.701764643 0.712291718
1403715524.112143 0.066933155 -0.021774527 -0.006300242 0.007884251 -0.010447153 -0.701847970 0.712206602
1403715524.162143 0.064828709 -0.020701276 -0.007483059 0.007698661 -0.010372303 -0.701732695 0.712323189
1403715524.212143 0.065301262 -0.020597396 -0.007235632 0.007868094 -0.010375600 -0.701761186 0.712293267
1403715524.262143 0.065273747 -0.020655284 -0.007184684 0.007812781 -0.010409794 -0.701774478 0.712280273
1403715524.312143 0.064693198 -0.021424077 -0.006167025 0.007739225 -0.010463478 -0.701782048 0.712272823
1403715524.362143 0.065103352 -0.020502077 -0.007717169 0.007724422 -0.010368024 -0.701815248 0.712241709
1403715524.412143 0.064945310 -0.020465594 -0.007918843 0.007674486 -0.010236125 -0.701960862 0.712100625
1403715524.462143 0.064969644 -0.020474091 -0.007829716 0.007699436 -0.010230417 -0.701933682 0.712127209
1403715524.512143 0.064887829 -0.020452589 -0.007625601 0.007744565 -0.010163411 -0.701861084 0.712199211
1403715524.562143 0.064826734 -0.020539979 -0.006979734 0.007848269 -0.010144544 -0.701754034 0.712303817
1403715524.612143 0.064948268 -0.020456588 -0.007608309 0.007725423 -0.010275679 -0.701841116 0.712217510
1403715524.662143 0.065080740 -0.020496674 -0.007441109 0.007917070 -0.010291099 -0.701871693 0.712185025
1403715524.712143 0.065000728 -0.020546045 -0.007540023 0.007772157 -0.010246807 -0.702167749 0.711895347
1403715524.762143 0.065361120 -0.020669429 -0.007233034 0.007788408 -0.010448784 -0.701782703 0.712271869
1403715524.812143 0.064950578 -0.020655055 -0.007728153 0.007673919 -0.010426780 -0.701888978 0.712168694
1403715524.862143 0.065091304 -0.020517549 -0.007050046 0.007881775 -0.010407887 -0.701766312 0.712287605
1403715524.912143 0.065068558 -0.020292316 -0.007366720 0.008038976 -0.010360008 -0.701756179 0.712296486
1403715524.962143 0.065201126 -0.020554285 -0.007202000 0.008058495 -0.010533056 -0.701510608 0.712535620
1403715525.012143 0.065116093 -0.020362265 -0.007059673 0.008235148 -0.010165931 -0.701845944 0.712208569
1403715525.062143 0.065475293 -0.020579925 -0.007893037 0.008204911 -0.010455818 -0.701536655 0.712509394
1403715525.112143 0.065337524 -0.020688187 -0.007680063 0.008143505 -0.010379857 -0.701394737 0.712650955
1403715525.162143 0.065148264 -0.020469824 -0.007022252 0.008129144 -0.010250106 -0.701555312 0.712494969
1403715525.212143 0.065098293 -0.020483566 -0.007746456 0.008179742 -0.010211281 -0.701084554 0.712958097
1403715525.262143 0.065248840 -0.020598676 -0.007270039 0.008042623 -0.010057976 -0.701279461 0.712770224
1403715525.312143 0.064997636 -0.020506788 -0.007256201 0.007800318 -0.010096467 -0.701449990 0.712604403
1403715525.362143 0.065147370 -0.020644959 -0.007591947 0.007848452 -0.010376597 -0.701297760 0.712749779
1403715525.412143 0.065474130 -0.020550778 -0.007428427 0.008004385 -0.010559327 -0.701229393 0.712812662
1403715525.462143 0.065206543 -0.020566463 -0.007664826 0.007800795 -0.010586991 -0.701495409 0.712552667
1403715525.512143 0.065156400 -0.020660913 -0.007055098 0.007799417 -0.010648137 -0.701446891 0.712599516
1403715525.562143 0.065026045 -0.020675559 -0.007274039 0.007669420 -0.010701188 -0.701519072 0.712529063
1403715525.612143 0.065209039 -0.020679645 -0.007056396 0.007630195 -0.010633636 -0.701537669 0.712512195
1403715525.662143 0.065384738 -0.020536639 -0.007704202 0.007438379 -0.010469035 -0.701254725 0.712795138
1403715525.712143 0.065044597 -0.020963792 -0.007215707 0.007509204 -0.010365263 -0.701613307 0.712442994
1403715525.762143 0.064842932 -0.020241311 -0.008854610 0.007475347 -0.010530951 -0.701527953 0.712524891
1403715525.812143 0.065535627 -0.020592304 -0.007534176 0.007810474 -0.010650142 -0.701423407 0.712622523
1403715525.862143 0.065370053 -0.020497931 -0.008036803 0.007938308 -0.010743472 -0.701356113 0.712685823
1403715525.912143 0.064914465 -0.020247595 -0.008891605 0.007854315 -0.010621957 -0.701476812 0.712569833
1403715525.962143 0.065481938 -0.020774340 -0.006129207 0.007872617 -0.010451642 -0.701741874 0.712311149
1403715526.012143 0.065229848 -0.020687414 -0.006990750 0.007734356 -0.010296796 -0.702028096 0.712032795
1403715526.062143 0.065223470 -0.020398984 -0.007534107 0.007897756 -0.010353351 -0.701576948 0.712474704
1403715526.112143 0.064702645 -0.020654477 -0.006438599 0.007611629 -0.010323474 -0.702107191 0.711955726
1403715526.162143 0.064949781 -0.021770509 -0.006894157 0.007552644 -0.010586218 -0.701825023 0.712230742
1403715526.212143 0.065182172 -0.020697216 -0.007152259 0.007717908 -0.010397377 -0.701870024 0.712187350
1403715526.262143 0.065082982 -0.020632559 -0.007147260 0.007643131 -0.010272329 -0.701843977 0.712215602
1403715526.312143 0.065351903 -0.020630237 -0.007983143 0.007635089 -0.010396458 -0.701957464 0.712102056
1403715526.362143 0.065327168 -0.020753471 -0.006800051 0.007621720 -0.010393816 -0.701775074 0.712281883
1403715526.412143 0.065231487 -0.020711424 -0.007130367 0.007707791 -0.010389535 -0.702046931 0.712013185
1403715526.462143 0.065002583 -0.020728139 -0.007373251 0.007548501 -0.010288607 -0.702107012 0.711957037
1403715526.512143 0.065175459 -0.020582618 -0.007543853 0.007731019 -0.010387482 -0.701689303 0.712365389
1403715526.562143 0.065150157 -0.020696562 -0.007306812 0.007634562 -0.010290476 -0.702036440 0.712025762
1403715526.612143 0.064976379 -0.020705866 -0.007370366 0.007542298 -0.010204640 -0.702125311 0.711940289
1403715526.662143 0.065333471 -0.020753613 -0.007163011 0.007681584 -0.010409587 -0.701749623 0.712306201
1403715526.712143 0.065514393 -0.020860612 -0.007028325 0.007631621 -0.010534707 -0.701842844 0.712212980
1403715526.762143 0.065273449 -0.020655097 -0.006979682 0.007769826 -0.010298925 -0.701866388 0.712191761
1403715526.812143 0.065143101 -0.020641744 -0.007586268 0.007794220 -0.010255444 -0.701633275 0.712421894
1403715526.862143 0.065043360 -0.020869007 -0.007297301 0.007687591 -0.010226847 -0.701811492 0.712247908
1403715526.912143 0.065437607 -0.021295847 -0.007542002 0.007762719 -0.010309492 -0.701676548 0.712378800
1403715526.962143 0.065124594 -0.020635288 -0.007276395 0.007649977 -0.010360998 -0.701448023 0.712604225
1403715527.012143 0.065246806 -0.020906128 -0.007439620 0.007558597 -0.010302931 -0.701823175 0.712236583
1403715527.062143 0.065281466 -0.020636985 -0.007331796 0.007942111 -0.010483469 -0.701368630 0.712677479
1403715527.112143 0.065737605 -0.020727128 -0.007310185 0.007825048 -0.010502335 -0.701663315 0.712388396
1403715527.162143 0.065164834 -0.020821309 -0.007351463 0.007780777 -0.010235425 -0.701681018 0.712375224
1403715527.212143 0.065207727 -0.020531299 -0.007330454 0.007659803 -0.010383994 -0.701883316 0.712175012
1403715527.262143 0.065196373 -0.020683048 -0.006803590 0.007637477 -0.010276491 -0.702074051 0.711988866
1403715527.312143 0.065339781 -0.021065302 -0.006416359 0.008030449 -0.010370163 -0.701672256 0.712379158
1403715527.362143 0.065134265 -0.020732744 -0.007735597 0.007663102 -0.010423105 -0.701512098 0.712540150
1403715527.412143 0.065073602 -0.020498496 -0.007441976 0.007686961 -0.010551619 -0.701133609 0.712910414
1403715527.462143 0.065072000 -0.020960929 -0.006847306 0.007853157 -0.010333819 -0.701773703 0.712281644
1403715527.512143 0.065278299 -0.021362688 -0.006675076 0.007745297 -0.010563847 -0.701605141 0.712445557
1403715527.562143 0.065292373 -0.021472933 -0.006418462 0.007702462 -0.010494911 -0.701545775 0.712505579
1403715527.612143 0.065101825 -0.021071626 -0.006956434 0.007867181 -0.010222681 -0.701725006 0.712331116
1403715527.662143 0.065199979 -0.021105180 -0.007546451 0.007596719 -0.010569434 -0.701659977 0.712393045
1403715527.712143 0.065146104 -0.020976933 -0.008168178 0.007429489 -0.010489818 -0.701858997 0.712199926
1403715527.762143 0.066111855 -0.021681543 -0.005058926 0.007960950 -0.010318651 -0.701659739 0.712393045
1403715527.812143 0.065464243 -0.021741543 -0.007378438 0.007630372 -0.010728907 -0.701586962 0.712462246
1403715527.862143 0.065225787 -0.021537561 -0.007637922 0.007403433 -0.010599945 -0.701968789 0.712090373
1403715527.912143 0.065194279 -0.021786623 -0.007324424 0.007395110 -0.010649763 -0.702086329 0.711973727
1403715527.962143 0.065634750 -0.021852462 -0.006873968 0.007260763 -0.010954373 -0.701667607 0.712383270
1403715528.012143 0.065628871 -0.021923568 -0.006362371 0.007561392 -0.010756216 -0.701754987 0.712297022
1403715528.062143 0.064981073 -0.021570241 -0.007603009 0.007338717 -0.010607123 -0.701921523 0.712137520
1403715528.112143 0.065073512 -0.021508742 -0.007984212 0.007421583 -0.010697961 -0.701613784 0.712438464
1403715528.162143 0.065690130 -0.022281334 -0.006257157 0.007437483 -0.010760266 -0.701869905 0.712185025
1403715528.212143 0.065549076 -0.022240307 -0.006516913 0.006972873 -0.011081392 -0.701861620 0.712193012
1403715528.262143 0.065636545 -0.022303145 -0.006024702 0.006996567 -0.011355028 -0.701366067 0.712676466
1403715528.312143 0.065657437 -0.022566335 -0.006579077 0.006158410 -0.011870594 -0.701516747 0.712527454
1403715528.362143 0.065433502 -0.022485217 -0.006593514 0.005494029 -0.012420026 -0.701824963 0.712219954
1403715528.412143 0.065606937 -0.022927642 -0.006269906 0.003529796 -0.014691204 -0.701549292 0.712460697
1403715528.462143 0.065792434 -0.024522051 -0.005242562 -0.000162244 -0.018335253 -0.700309038 0.713604271
1403715528.512143 0.064490616 -0.028002335 -0.005252990 -0.003675350 -0.021313652 -0.699152291 0.714645565
1403715528.562143 0.062746651 -0.031708371 -0.006105614 -0.004338538 -0.021739883 -0.697961628 0.715791941
1403715528.612143 0.061342459 -0.038796924 -0.005892413 -0.003347288 -0.020525023 -0.697033584 0.716736853
1403715528.662143 0.058299776 -0.046305653 -0.004757639 -0.001892528 -0.018108355 -0.695628464 0.718171000
1403715528.712143 0.055605762 -0.055787738 -0.007970240 -0.000740177 -0.016493918 -0.694527984 0.719276309
1403715528.762143 0.054477263 -0.066811919 -0.002319782 0.000230019 -0.015163735 -0.693979442 0.719835162
1403715528.812143 0.049146585 -0.080140539 -0.007292169 0.000274174 -0.013531533 -0.693625927 0.720208228
1403715528.862143 0.046004009 -0.092370972 -0.007136008 0.001578895 -0.011317535 -0.693540454 0.720327020
1403715528.912143 0.041708760 -0.105658174 -0.008738441 0.001847949 -0.009724849 -0.693755209 0.720142841
1403715528.962143 0.037325699 -0.119037658 -0.009841808 0.001334589 -0.009227253 -0.694572687 0.719362199
1403715529.012143 0.032280438 -0.131833747 -0.010653680 0.000657854 -0.010229073 -0.695634663 0.718322635
1403715529.062143 0.026373610 -0.144667387 -0.011037542 0.001233737 -0.013374811 -0.695421159 0.718476892
1403715529.112143 0.020336319 -0.160416380 -0.012415522 0.004807654 -0.017193338 -0.694792926 0.718988299
1403715529.162143 0.012991131 -0.177655175 -0.014224747 0.009120144 -0.021766908 -0.696056128 0.717599332
1403715529.212143 0.005204607 -0.197704434 -0.017073933 0.012880651 -0.028463162 -0.697333753 0.716065347
1403715529.262143 -0.002573452 -0.218718782 -0.020140339 0.016781747 -0.036361631 -0.698957026 0.714041591
1403715529.312143 -0.010302061 -0.239446580 -0.022300251 0.021005064 -0.045076676 -0.701073468 0.711352885
1403715529.362143 -0.019106850 -0.259307176 -0.024339039 0.025350243 -0.053544447 -0.704223573 0.707502306
1403715529.412143 -0.028494149 -0.277477473 -0.024422672 0.031174563 -0.060750760 -0.707186103 0.703722477
1403715529.462143 -0.037088469 -0.293470979 -0.024092630 0.037630096 -0.066251129 -0.709436834 0.700638413
1403715529.512143 -0.045913011 -0.307627171 -0.020554844 0.043573882 -0.070626706 -0.711702466 0.697562039
1403715529.562143 -0.056073494 -0.320601374 -0.017712228 0.048236553 -0.074565470 -0.713038087 0.695478141
1403715529.612143 -0.065862253 -0.331140548 -0.011629656 0.052841496 -0.077159062 -0.714610934 0.693242669
1403715529.662143 -0.077277303 -0.341962755 -0.006839397 0.057246555 -0.078822866 -0.715768754 0.691509128
1403715529.712143 -0.087652281 -0.351862878 -0.000296488 0.061057564 -0.079997800 -0.717845678 0.688890398
1403715529.762143 -0.098947898 -0.361879975 0.005996177 0.063898422 -0.081834473 -0.719534755 0.686651230
1403715529.812143 -0.112031266 -0.374553412 0.012188368 0.066570461 -0.083191626 -0.719667137 0.686095297
1403715529.862143 -0.126971766 -0.383071989 0.018267673 0.068821833 -0.083562844 -0.720088184 0.685385883
1403715529.912143 -0.136075124 -0.398208052 0.024481501 0.072238714 -0.084504634 -0.718978941 0.686083019
1403715529.962143 -0.149021119 -0.417520970 0.029594764 0.074845463 -0.084564365 -0.718362927 0.686441302
1403715530.012143 -0.162331209 -0.434583038 0.035547353 0.077978015 -0.082547992 -0.719216228 0.685443878
1403715530.062143 -0.175948203 -0.450832695 0.039396293 0.082198493 -0.078495145 -0.720977426 0.683574080
1403715530.112143 -0.192285120 -0.467931479 0.043293100 0.085427672 -0.073689945 -0.723764420 0.680762053
1403715530.162143 -0.204904348 -0.484925956 0.046378411 0.086042762 -0.071827166 -0.726202548 0.678282619
1403715530.212143 -0.223344654 -0.506440580 0.046155006 0.083745860 -0.071759805 -0.728779972 0.675808370
1403715530.262143 -0.240230680 -0.530206621 0.045603506 0.079967298 -0.073233388 -0.731606960 0.673047841
1403715530.312143 -0.254301965 -0.554471552 0.043169267 0.077979274 -0.074577220 -0.732997298 0.671619236
1403715530.362143 -0.278433681 -0.585934162 0.038226493 0.075490214 -0.076236665 -0.731857359 0.672959149
1403715530.412143 -0.300110281 -0.616471291 0.031884786 0.075111911 -0.078443199 -0.729189396 0.675638735
1403715530.462143 -0.319720477 -0.650124371 0.025615919 0.076573998 -0.082139559 -0.726506293 0.677921891
1403715530.512143 -0.351473838 -0.686766386 0.015686460 0.077855535 -0.084568255 -0.725477934 0.678578258
1403715530.562143 -0.373214364 -0.716694176 0.007883690 0.081410050 -0.088309549 -0.724482059 0.678748608
1403715530.612143 -0.397318214 -0.747700751 0.001407236 0.084214605 -0.091559000 -0.723966241 0.678526163
1403715530.662143 -0.424736589 -0.780294478 -0.003280446 0.086735599 -0.094361871 -0.723108649 0.678739071
1403715530.712143 -0.450571179 -0.796864271 -0.007716537 0.091068059 -0.096173234 -0.722406566 0.678664923
1403715530.762143 -0.477282315 -0.819730461 -0.012056910 0.094497949 -0.100501657 -0.722123325 0.677869737
1403715530.812143 -0.507515728 -0.850613117 -0.016415864 0.098476790 -0.107117504 -0.722192168 0.676214933
1403715530.862143 -0.535951793 -0.875591636 -0.020749278 0.103911541 -0.113357291 -0.722241759 0.674328864
1403715530.912143 -0.567689478 -0.896922767 -0.025750667 0.108685397 -0.118724354 -0.722649693 0.672212422
1403715530.962143 -0.596857190 -0.916588962 -0.030733958 0.112137422 -0.123041697 -0.724132955 0.669266343
1403715531.012143 -0.626596749 -0.937440157 -0.033667818 0.112171166 -0.131028533 -0.724731743 0.667093098
1403715531.062143 -0.654105484 -0.953635097 -0.037337601 0.109595172 -0.140250802 -0.725654542 0.664638340
1403715531.112143 -0.681816339 -0.970177829 -0.039103247 0.104101039 -0.151304588 -0.726305127 0.662382722
1403715531.162143 -0.710839748 -0.983256578 -0.042120822 0.099856287 -0.160323352 -0.726269662 0.660951972
1403715531.212143 -0.745419145 -1.000724554 -0.040300407 0.096630439 -0.169632807 -0.721740961 0.664061189
1403715531.262143 -0.774091661 -1.019205451 -0.037028074 0.100953192 -0.173117548 -0.715424001 0.669333458
1403715531.312143 -0.804543793 -1.037179232 -0.032820135 0.108773075 -0.171757534 -0.709440589 0.674805045
1403715531.362143 -0.837032616 -1.060343623 -0.027288467 0.116100021 -0.168352589 -0.705378771 0.678689182
1403715531.412143 -0.865496099 -1.079030871 -0.019388229 0.123685911 -0.164268062 -0.702770829 0.681051433
1403715531.462143 -0.892462850 -1.096880674 -0.009922773 0.129174083 -0.160148859 -0.702505469 0.681287348
1403715531.512143 -0.919178963 -1.116176844 0.002793580 0.132864743 -0.157552168 -0.702275574 0.681420028
1403715531.562143 -0.943669021 -1.128197432 0.016789258 0.135373205 -0.156065866 -0.702090383 0.681459129
1403715531.612143 -0.964831173 -1.139302135 0.032090545 0.136533171 -0.157217667 -0.700891852 0.682196319
1403715531.662143 -0.988644838 -1.146626472 0.048583567 0.136000142 -0.158554271 -0.699665189 0.683251917
1403715531.712143 -1.010710597 -1.151734233 0.066486597 0.136118054 -0.157017216 -0.701623082 0.681573570
1403715531.762143 -1.028018475 -1.159054399 0.084449381 0.136206940 -0.154223084 -0.705827594 0.677842498
1403715531.812143 -1.044793844 -1.164535165 0.101929605 0.139131799 -0.148045510 -0.709738910 0.674533546
1403715531.862143 -1.061243296 -1.171632171 0.121126473 0.142617300 -0.141585708 -0.713014543 0.671732128
1403715531.912143 -1.075160980 -1.178480268 0.137410820 0.146306917 -0.136040315 -0.714577973 0.670421958
1403715531.962143 -1.095022678 -1.186013222 0.155519933 0.148278415 -0.130231977 -0.716536999 0.669050038
1403715532.012143 -1.110373139 -1.191160083 0.170462698 0.149407804 -0.127129421 -0.717163146 0.668724477
1403715532.062143 -1.121292472 -1.198620677 0.186062187 0.150525868 -0.125017181 -0.718666553 0.667256415
1403715532.112143 -1.135791302 -1.199554205 0.199739158 0.151052013 -0.122156106 -0.720447481 0.665745199
1403715532.162143 -1.150304079 -1.206575274 0.212230593 0.151132435 -0.121050045 -0.720861852 0.665480435
1403715532.212143 -1.163427591 -1.207482815 0.223224014 0.152136683 -0.120157100 -0.720568597 0.665730834
1403715532.262143 -1.176766634 -1.209612012 0.232294232 0.154326499 -0.120675914 -0.720109403 0.665629804
1403715532.312143 -1.189028621 -1.214970469 0.242546320 0.155332237 -0.124577180 -0.718985140 0.665892482
1403715532.362143 -1.201694250 -1.212958336 0.249416500 0.155570999 -0.128959313 -0.716617763 0.667552292
1403715532.412143 -1.214166522 -1.212865233 0.255449802 0.156137630 -0.133038580 -0.713283300 0.670185506
1403715532.462143 -1.223058820 -1.211561441 0.261840194 0.156799927 -0.137222230 -0.711044788 0.671564698
1403715532.512143 -1.231277943 -1.208859921 0.265998214 0.157639772 -0.140811116 -0.707880378 0.673963904
1403715532.562143 -1.237056375 -1.211632609 0.271494180 0.158718243 -0.145753309 -0.703361869 0.677382171
1403715532.612143 -1.245789647 -1.207242489 0.275105953 0.161389008 -0.147865862 -0.697518706 0.682317376
1403715532.662143 -1.250173092 -1.204739809 0.278586268 0.164703324 -0.150033757 -0.691100478 0.687563062
1403715532.712143 -1.251713991 -1.197483540 0.280688107 0.169318199 -0.150355086 -0.685019493 0.692439973
1403715532.762143 -1.252803564 -1.195848584 0.285516053 0.171849132 -0.151404947 -0.680972874 0.695572078
1403715532.812143 -1.249571562 -1.193513155 0.289073974 0.173429638 -0.151770711 -0.677669525 0.698320687
1403715532.862143 -1.242580533 -1.192369699 0.294139713 0.173127115 -0.151694924 -0.675566018 0.700447142
1403715532.912143 -1.229564190 -1.194503307 0.301833779 0.170007944 -0.152010024 -0.674099028 0.702553034
1403715532.962143 -1.219523549 -1.181054831 0.305240512 0.165914848 -0.147806421 -0.671532512 0.706873119
1403715533.012143 -1.201982260 -1.172283530 0.312528431 0.159659013 -0.144259393 -0.669256508 0.711191952
1403715533.062143 -1.181240082 -1.163772225 0.318751752 0.151133314 -0.140094072 -0.667509735 0.715516031
1403715533.112143 -1.160509944 -1.151621699 0.327624381 0.141789943 -0.133137465 -0.666255713 0.719912052
1403715533.162143 -1.129421592 -1.138668776 0.335047573 0.134295136 -0.123013064 -0.666115403 0.723272324
1403715533.212143 -1.105642796 -1.114503980 0.339743972 0.129922017 -0.104348689 -0.667323291 0.725886524
1403715533.262143 -1.063201427 -1.113324165 0.347063094 0.123822309 -0.092502452 -0.668049812 0.727887869
1403715533.312143 -1.027029514 -1.101308942 0.351669461 0.117135234 -0.078675054 -0.669582903 0.729210734
1403715533.362143 -0.980878472 -1.097630620 0.351228923 0.109475024 -0.071623690 -0.671472609 0.729390025
1403715533.412143 -0.940452337 -1.097129464 0.350243896 0.100231715 -0.065651111 -0.673326194 0.729572058
1403715533.462143 -0.893368781 -1.096135974 0.346560359 0.091426127 -0.063399591 -0.673850834 0.730442882
1403715533.512143 -0.849462807 -1.092925668 0.338666409 0.083699062 -0.062050715 -0.671220362 0.733898818
1403715533.562143 -0.799509585 -1.093757629 0.329187334 0.077908456 -0.063155875 -0.665534377 0.739598334
1403715533.612143 -0.745919764 -1.102937102 0.319441855 0.072320126 -0.065777622 -0.660341442 0.744575202
1403715533.662143 -0.692891061 -1.114424706 0.306712627 0.066965334 -0.069106765 -0.654373348 0.750023663
1403715533.712143 -0.635037661 -1.132250547 0.293903589 0.062020484 -0.071989030 -0.650034189 0.753940701
1403715533.762143 -0.564884484 -1.142124653 0.276794195 0.060924258 -0.073354602 -0.645931065 0.757416904
1403715533.812143 -0.500094652 -1.164899230 0.263738632 0.056352012 -0.074169695 -0.646847904 0.756908894
1403715533.862143 -0.432000428 -1.182437539 0.248859167 0.053326387 -0.072563447 -0.649964809 0.754610181
1403715533.912143 -0.361782551 -1.196847320 0.234386891 0.049680930 -0.070130043 -0.655797243 0.750029087
1403715533.962143 -0.291239500 -1.207205892 0.220236033 0.047695763 -0.066833675 -0.660755813 0.746096611
1403715534.012143 -0.218626618 -1.217259884 0.209777862 0.045142528 -0.064733908 -0.666080594 0.741692841
1403715534.062143 -0.141729265 -1.220662832 0.198506907 0.044251312 -0.062293392 -0.671016753 0.737494349
1403715534.112143 -0.064652607 -1.224497676 0.189933553 0.043319065 -0.059353411 -0.677278161 0.732048392
1403715534.162143 0.008646673 -1.227303743 0.182362080 0.041580837 -0.057296157 -0.683196247 0.726795077
1403715534.212143 0.090826988 -1.226476789 0.175146565 0.040435169 -0.055734746 -0.689482212 0.721022129
1403715534.262143 0.167328343 -1.222128510 0.171667069 0.039301887 -0.054176971 -0.694690585 0.716188014
1403715534.312143 0.241763666 -1.214067936 0.171373308 0.038784336 -0.053264298 -0.697949886 0.713109136
1403715534.362143 0.327657849 -1.205308676 0.167953432 0.038995527 -0.053228032 -0.700528383 0.710567415
1403715534.412143 0.399318308 -1.192803860 0.168856606 0.036662687 -0.051338684 -0.701956213 0.709420621
1403715534.462143 0.477198422 -1.183088660 0.168676794 0.033862408 -0.049965706 -0.702284575 0.709332943
1403715534.512143 0.553155184 -1.170190215 0.172444478 0.029828787 -0.047072466 -0.702320993 0.709675729
1403715534.562143 0.627906919 -1.152409911 0.174839497 0.025530888 -0.042629149 -0.701424301 0.711009741
1403715534.612143 0.702460945 -1.135552287 0.177624166 0.020183058 -0.038394369 -0.699093401 0.713713527
1403715534.662143 0.772971869 -1.123696566 0.182888225 0.012228995 -0.033360925 -0.697403789 0.715797067
1403715534.712143 0.843280315 -1.107217193 0.185883462 0.003806918 -0.027399058 -0.695002019 0.718475461
1403715534.762143 0.911129475 -1.088407040 0.190568000 -0.007761863 -0.021923490 -0.692248821 0.721283972
1403715534.812143 0.989034295 -1.065309048 0.196936518 -0.019798443 -0.016325591 -0.689479887 0.723850131
1403715534.862143 1.058852673 -1.049574852 0.202645987 -0.034038428 -0.010307643 -0.686142504 0.726597309
1403715534.912143 1.128438950 -1.030915260 0.212048352 -0.048231721 -0.003656895 -0.682570219 0.729217589
1403715534.962143 1.192646503 -1.019511342 0.220478505 -0.062478684 0.003525331 -0.679467678 0.731031954
1403715535.012143 1.255919337 -1.003458261 0.232277006 -0.074336752 0.011554536 -0.676403165 0.732679546
1403715535.062143 1.323340654 -0.990906179 0.243376464 -0.085335791 0.016727887 -0.672960937 0.734548450
1403715535.112143 1.387438416 -0.976228833 0.254331291 -0.096200250 0.020306040 -0.669743299 0.736055136
1403715535.162143 1.448829174 -0.961978197 0.273578197 -0.106385283 0.022497540 -0.665827811 0.738139093
1403715535.212143 1.515049696 -0.950214982 0.290293992 -0.115129754 0.022244122 -0.661930740 0.740336418
1403715535.262143 1.576444983 -0.935571373 0.312242270 -0.122316323 0.022946063 -0.658607543 0.742124140
1403715535.312143 1.637804747 -0.927636206 0.332946151 -0.127884433 0.022841798 -0.655486882 0.743949473
1403715535.362143 1.697445750 -0.918540955 0.358684599 -0.131382018 0.023847733 -0.651541412 0.746768951
1403715535.412143 1.756004095 -0.911398232 0.388966709 -0.131002516 0.025149433 -0.644000053 0.753305912
1403715535.462143 1.815828204 -0.906579792 0.420321822 -0.127109006 0.029237976 -0.637106001 0.759660721
1403715535.512143 1.877269745 -0.903746545 0.453197181 -0.120905034 0.034770448 -0.631827474 0.764831364
1403715535.562143 1.937072754 -0.902064681 0.488103807 -0.114606924 0.041472059 -0.630411983 0.766632974
1403715535.612143 2.000260830 -0.898567379 0.525568902 -0.106492877 0.049588937 -0.631254017 0.766628087
1403715535.662143 2.064682722 -0.900458574 0.563661039 -0.100881875 0.053854581 -0.633262217 0.765442073
1403715535.712143 2.126936674 -0.900051177 0.598438203 -0.095684990 0.055192735 -0.637161136 0.762773752
1403715535.762143 2.194140196 -0.900675058 0.640850306 -0.090351097 0.053639255 -0.641604483 0.759804726
1403715535.812143 2.256716490 -0.899082005 0.680758774 -0.085016638 0.052010469 -0.649060547 0.754180074
1403715535.862143 2.319097281 -0.896355033 0.721400678 -0.080397747 0.048344888 -0.658369958 0.746825218
1403715535.912143 2.381567240 -0.897270322 0.760965586 -0.077258274 0.040532794 -0.665483415 0.741296232
1403715535.962143 2.448552370 -0.898692667 0.800601721 -0.073430680 0.030862642 -0.672228336 0.736046553
1403715536.012143 2.505569458 -0.896251440 0.844321668 -0.071002938 0.021635730 -0.676432908 0.732754409
1403715536.062143 2.567512989 -0.897305906 0.887012124 -0.069587246 0.011609378 -0.680305660 0.729525208
1403715536.112143 2.625264883 -0.898511827 0.931130528 -0.068105593 0.002773458 -0.682846248 0.727375388
1403715536.162143 2.682363272 -0.898426235 0.977109432 -0.066591553 -0.004644741 -0.685729861 0.724788666
1403715536.212143 2.741219997 -0.903735340 1.023174286 -0.065832369 -0.011854446 -0.689733446 0.720966935
1403715536.262143 2.793472290 -0.905769348 1.071567059 -0.064915195 -0.016284054 -0.694100440 0.716760337
1403715536.312143 2.848989725 -0.914467633 1.120413065 -0.062789068 -0.020237235 -0.698050559 0.713003099
1403715536.362143 2.900390863 -0.924772024 1.170609593 -0.059387878 -0.021339469 -0.703152180 0.708233476
1403715536.412143 2.954521894 -0.934668899 1.223892093 -0.054979961 -0.020264400 -0.709818304 0.701943398
1403715536.462143 2.996710539 -0.945174396 1.278700709 -0.051384162 -0.016565783 -0.716557503 0.695435584
1403715536.512143 3.039616823 -0.957995892 1.334122181 -0.047522504 -0.013162220 -0.722483099 0.689627826
1403715536.562143 3.077824831 -0.972703755 1.390905380 -0.043594595 -0.009128105 -0.726938844 0.685256243
1403715536.612143 3.115092278 -0.986474335 1.449161768 -0.038925402 -0.005354205 -0.730066717 0.682245433
1403715536.662143 3.147631407 -1.004621029 1.506091952 -0.034015514 -0.000680655 -0.732855737 0.679532886
1403715536.712143 3.178060770 -1.025690913 1.564631224 -0.027731203 0.004380780 -0.733976364 0.678594470
1403715536.762143 3.201755047 -1.044983625 1.620919943 -0.017989112 0.011852779 -0.734351158 0.678427875
1403715536.812143 3.221530437 -1.063668013 1.678231716 -0.008121287 0.018617608 -0.735337913 0.677396119
1403715536.862143 3.236652374 -1.081834078 1.732837796 0.000621346 0.025206566 -0.737975478 0.674356282
1403715536.912143 3.249932528 -1.102244854 1.786148190 0.008195746 0.031987485 -0.741469800 0.670173228
1403715536.962143 3.257017851 -1.120397806 1.836419702 0.014625425 0.040442999 -0.746611774 0.663868487
1403715537.012143 3.260216236 -1.140879869 1.883936048 0.020398187 0.048490092 -0.750969052 0.658238590
1403715537.062143 3.259504318 -1.160169840 1.927647710 0.028195407 0.057864986 -0.753840089 0.653897345
1403715537.112143 3.252553463 -1.179895997 1.967061400 0.037354350 0.068685062 -0.755980492 0.649908125
1403715537.162143 3.241957664 -1.200008154 2.001250982 0.047528896 0.079790972 -0.756942570 0.646847963
1403715537.212143 3.222123623 -1.218112469 2.028959990 0.056929782 0.090287074 -0.756410182 0.645330071
1403715537.262143 3.199681044 -1.232059240 2.051406145 0.066994421 0.099207811 -0.754020929 0.645849764
1403715537.312143 3.171560764 -1.251092672 2.066329002 0.075104982 0.100602031 -0.745220244 0.654893279
1403715537.362143 3.137008190 -1.265485048 2.074406624 0.078902967 0.096101381 -0.734251499 0.667393148
1403715537.412143 3.100607872 -1.274593711 2.076343060 0.076000176 0.085220292 -0.723693550 0.680609405
1403715537.462143 3.061509132 -1.284089684 2.071704626 0.068738095 0.069460548 -0.712828815 0.694496512
1403715537.512143 3.019666433 -1.292567492 2.061112165 0.056642596 0.051258106 -0.703200281 0.706875920
1403715537.562143 2.977681398 -1.299020886 2.045674086 0.043535464 0.032983147 -0.695295811 0.716645300
1403715537.612143 2.933726549 -1.302393675 2.028081179 0.031701915 0.017852573 -0.688196123 0.724611878
1403715537.662143 2.886768818 -1.309154391 2.006427288 0.021660751 0.007743924 -0.683202982 0.729866087
1403715537.712143 2.845126629 -1.314467788 1.984961390 0.020068616 0.005752968 -0.678703606 0.734115541
1403715537.762143 2.807946920 -1.319663405 1.960688233 0.023308929 0.009291112 -0.676391304 0.736114979
1403715537.812143 2.765655279 -1.329035401 1.935464978 0.028657513 0.016135598 -0.673883677 0.738105118
1403715537.862143 2.727466106 -1.335891962 1.907576323 0.033063345 0.022846537 -0.673928976 0.737702310
1403715537.912143 2.691648483 -1.341103077 1.878723025 0.036382068 0.026510337 -0.672993243 0.738277495
1403715537.962143 2.651957989 -1.345492840 1.848368883 0.033900376 0.026220562 -0.674133062 0.737365484
1403715538.012143 2.618224144 -1.347684383 1.815573931 0.030678689 0.021268088 -0.672430158 0.739218652
1403715538.062143 2.581506729 -1.347335696 1.780635715 0.026495064 0.018676998 -0.670911491 0.740828574
1403715538.112143 2.548115969 -1.349750996 1.742288947 0.021129727 0.014415024 -0.667567313 0.744109988
1403715538.162143 2.520494223 -1.343579054 1.705366611 0.016147850 0.011797715 -0.664112091 0.747365594
1403715538.212143 2.487542868 -1.341372609 1.669103503 0.008401828 0.011457385 -0.661205530 0.750070274
1403715538.262143 2.458179712 -1.334361553 1.632230759 0.001184300 0.013611787 -0.658923686 0.752085686
1403715538.312143 2.433853388 -1.322817326 1.594654799 -0.004003996 0.018632401 -0.656498134 0.754086852
1403715538.362143 2.406009436 -1.305378437 1.558039069 -0.008986196 0.026934959 -0.654874742 0.755203784
1403715538.412143 2.387542486 -1.289821029 1.517477274 -0.010900438 0.039255794 -0.654677093 0.754809976
1403715538.462143 2.368013859 -1.272209883 1.479416728 -0.013579496 0.054400742 -0.657177687 0.751647294
1403715538.512143 2.345549822 -1.256262302 1.440309525 -0.016696086 0.070625916 -0.659211576 0.748447299
1403715538.562143 2.330256462 -1.234444380 1.394721985 -0.021004224 0.085460119 -0.661625862 0.744652033
1403715538.612143 2.309842587 -1.219729900 1.349708796 -0.027948985 0.097997345 -0.660912037 0.743512392
1403715538.662143 2.286896467 -1.202647209 1.305012703 -0.037730012 0.108451955 -0.658901215 0.743413627
1403715538.712143 2.268155098 -1.180713177 1.253571510 -0.049003087 0.116940700 -0.655347347 0.744609594
1403715538.762143 2.252449751 -1.155525208 1.201730490 -0.063749477 0.122248985 -0.651162207 0.746310234
1403715538.812143 2.231891632 -1.132419229 1.148076296 -0.081833482 0.126100689 -0.645216405 0.749064565
1403715538.862143 2.215265512 -1.106017232 1.092744350 -0.099788763 0.131660879 -0.639436185 0.750885427
1403715538.912143 2.193971872 -1.080783367 1.035507560 -0.117903814 0.138609767 -0.632542372 0.752845407
1403715538.962143 2.175037384 -1.054214478 0.980710983 -0.135563761 0.147699654 -0.624960303 0.754474580
1403715539.012143 2.153964043 -1.022916317 0.923969507 -0.152203038 0.159661055 -0.617289484 0.755179644
1403715539.062143 2.127558708 -0.987092018 0.872732878 -0.169032484 0.172958463 -0.607908130 0.756281078
1403715539.112143 2.107497692 -0.952525258 0.817570865 -0.185622796 0.185601667 -0.598388255 0.756985903
1403715539.162143 2.085346699 -0.916026592 0.763489604 -0.201436237 0.199506700 -0.587845623 0.757666230
1403715539.212143 2.061294794 -0.871359825 0.712951839 -0.216436252 0.213408321 -0.576735020 0.758280337
1403715539.262143 2.037526131 -0.826226294 0.663339436 -0.232716694 0.225151509 -0.565970600 0.758173525
1403715539.312143 2.011872768 -0.780394614 0.615478933 -0.249777898 0.235066295 -0.554653466 0.758099198
1403715539.362143 1.989128709 -0.729927719 0.565197289 -0.265021741 0.243248627 -0.543924212 0.758116066
1403715539.412143 1.964520216 -0.679609299 0.519483149 -0.279475659 0.251543552 -0.534252048 0.757095754
1403715539.462143 1.940881968 -0.635191798 0.468670011 -0.290592819 0.260526180 -0.526296318 0.755443037
1403715539.512143 1.915227532 -0.591655850 0.426310062 -0.300060064 0.267475098 -0.517855167 0.755147040
1403715539.562143 1.890702009 -0.555197299 0.380789399 -0.305890679 0.272799969 -0.507132649 0.758173823
1403715539.612143 1.869271994 -0.520539522 0.335407615 -0.308560133 0.278764278 -0.497972995 0.760988891
1403715539.662143 1.846685052 -0.493225366 0.288953781 -0.309978515 0.284360141 -0.490361989 0.763280928
1403715539.712143 1.826600790 -0.469182879 0.241962790 -0.309745967 0.291141927 -0.485089242 0.764187276
1403715539.762143 1.808660269 -0.451896608 0.192659080 -0.310655802 0.295271963 -0.482364386 0.763958156
1403715539.812143 1.788572073 -0.436030060 0.146440744 -0.310858548 0.299356580 -0.481361598 0.762917817
1403715539.862143 1.770112514 -0.422789395 0.098692596 -0.312955201 0.298797518 -0.481652081 0.762096047
1403715539.912143 1.754932642 -0.412946105 0.046885669 -0.315335542 0.293397933 -0.480531961 0.763917685
1403715539.962143 1.741096497 -0.409205526 -0.004251659 -0.315561950 0.288120270 -0.477698296 0.767601311
1403715540.012143 1.728973389 -0.404957861 -0.055509448 -0.318099171 0.279944986 -0.474922180 0.771292865
1403715540.062143 1.719540834 -0.403957069 -0.107930124 -0.319125146 0.271727800 -0.469946057 0.776835799
1403715540.112143 1.712196112 -0.403217822 -0.158580959 -0.320397437 0.262451708 -0.464057177 0.783016920
1403715540.162143 1.708142519 -0.403882951 -0.208312631 -0.318868279 0.256605476 -0.458810627 0.788650393
1403715540.212143 1.711531162 -0.406357914 -0.260097504 -0.318215728 0.251157910 -0.455187261 0.792756617
1403715540.262143 1.717949867 -0.410045743 -0.311183691 -0.315899491 0.251091063 -0.455229849 0.793679178
1403715540.312143 1.725542188 -0.410137326 -0.359202027 -0.315605044 0.251721829 -0.459330767 0.791229963
1403715540.362143 1.738918185 -0.415607989 -0.408398867 -0.317459732 0.251554728 -0.465056658 0.787186027
1403715540.412143 1.753228903 -0.418907940 -0.455214798 -0.320677042 0.249947056 -0.470768273 0.782987833
1403715540.462143 1.772954226 -0.418498009 -0.502141356 -0.323890805 0.248148844 -0.476420283 0.778807163
1403715540.512143 1.792628169 -0.417905450 -0.546221614 -0.330969840 0.242578626 -0.480766952 0.774905026
1403715540.562143 1.815706730 -0.417091429 -0.588354468 -0.337078303 0.237493366 -0.481564850 0.773350120
1403715540.612143 1.841088533 -0.415861368 -0.628007412 -0.342995614 0.232845068 -0.481845170 0.771986067
1403715540.662143 1.869318366 -0.414531469 -0.664721608 -0.346061647 0.229149610 -0.478420675 0.773851037
1403715540.712143 1.900722384 -0.413094223 -0.699061632 -0.345125943 0.228669405 -0.471246123 0.778797448
1403715540.762143 1.936148167 -0.412784398 -0.731258154 -0.343611479 0.229190037 -0.464592248 0.783298850
1403715540.812143 1.974480152 -0.415867448 -0.763364196 -0.340291768 0.234202430 -0.461245000 0.785241246
1403715540.862143 2.017648697 -0.416829228 -0.792352796 -0.337565005 0.239515290 -0.460321307 0.785357594
1403715540.912143 2.063742161 -0.415671706 -0.818781972 -0.334194750 0.245351881 -0.459998727 0.785186291
1403715540.962143 2.114056587 -0.416516423 -0.844908237 -0.331847519 0.251283199 -0.462426335 0.782876670
1403715541.012143 2.166445494 -0.416791916 -0.869585514 -0.330904365 0.255891085 -0.466072619 0.779614210
1403715541.062143 2.220409870 -0.416284591 -0.892714739 -0.330113679 0.259206325 -0.469263792 0.776935339
1403715541.112143 2.276638985 -0.414030015 -0.914743721 -0.331065029 0.260182649 -0.472283483 0.774370193
1403715541.162143 2.334646225 -0.412459075 -0.935164928 -0.329206556 0.261608273 -0.472127825 0.774776995
1403715541.212143 2.393532276 -0.413332522 -0.954230785 -0.322173983 0.266406089 -0.468525082 0.778277516
1403715541.262143 2.456801414 -0.412651777 -0.973402381 -0.313504755 0.273239225 -0.465107739 0.781492054
1403715541.312143 2.522437811 -0.411242664 -0.993850470 -0.307647526 0.280967236 -0.464021385 0.781725347
1403715541.362143 2.589931488 -0.408976376 -1.015125036 -0.307224095 0.286349744 -0.467145056 0.778069794
1403715541.412143 2.657131672 -0.404656082 -1.035722017 -0.309053540 0.289513260 -0.470963478 0.773861289
1403715541.462143 2.725263834 -0.397221595 -1.055279016 -0.315579087 0.286251277 -0.473632902 0.770806015
1403715541.512143 2.791850090 -0.390559167 -1.072613478 -0.322602093 0.281136930 -0.474209398 0.769425273
1403715541.562143 2.862508535 -0.382958263 -1.092115402 -0.330244005 0.274733961 -0.474764645 0.768152773
1403715541.612143 2.933836937 -0.375894994 -1.109851360 -0.335711002 0.268842340 -0.473611623 0.768579185
1403715541.662143 3.006142616 -0.369941771 -1.126184106 -0.341480792 0.264361829 -0.475351334 0.766514719
1403715541.712143 3.080131531 -0.365536392 -1.141242266 -0.347249180 0.261206776 -0.479726046 0.762267590
1403715541.762143 3.155983210 -0.362778872 -1.154695511 -0.352137595 0.261687160 -0.488799900 0.754051447
1403715541.812143 3.231482506 -0.362245023 -1.165911436 -0.357517004 0.262713075 -0.498797804 0.744556367
1403715541.862143 3.308041334 -0.361255616 -1.174787283 -0.359993100 0.266475379 -0.509959280 0.734395921
1403715541.912143 3.385690212 -0.360227048 -1.179213762 -0.362423480 0.268292457 -0.520221055 0.725285053
1403715541.962143 3.460095406 -0.358573049 -1.180075526 -0.363649040 0.268502146 -0.529385865 0.717925251
1403715542.012143 3.532958984 -0.358093977 -1.177333117 -0.364306003 0.266548336 -0.538168192 0.711764038
1403715542.062143 3.604084492 -0.360362411 -1.169986248 -0.361174673 0.266120851 -0.548360586 0.705714703
1403715542.112143 3.672201157 -0.364963710 -1.159037352 -0.353503108 0.267062813 -0.556770861 0.702651560
1403715542.162143 3.736256838 -0.370776922 -1.146083593 -0.344527215 0.268373698 -0.566225827 0.699045658
1403715542.212143 3.798814774 -0.384967566 -1.130578518 -0.331931144 0.270391464 -0.574327111 0.697752535
1403715542.262143 3.856125832 -0.395822942 -1.110698700 -0.317699999 0.271695048 -0.581634820 0.697817624
1403715542.312143 3.910680771 -0.406852841 -1.087430954 -0.301376760 0.271648973 -0.585562110 0.701780558
1403715542.362143 3.960077763 -0.420650065 -1.063356519 -0.284227818 0.271120101 -0.590299368 0.705163121
1403715542.412143 4.005485058 -0.435290843 -1.037719369 -0.264341921 0.269816279 -0.591959536 0.711973667
1403715542.462143 4.047624588 -0.450991303 -1.012192488 -0.242580503 0.269971073 -0.592966199 0.718791604
1403715542.512143 4.086301327 -0.466873616 -0.987162828 -0.223608896 0.268960983 -0.593645275 0.724737465
1403715542.562143 4.121819019 -0.480612129 -0.963864565 -0.209533632 0.266152024 -0.595011055 0.728848815
1403715542.612143 4.154410362 -0.490894437 -0.941840768 -0.202292517 0.258467078 -0.595801950 0.733002365
1403715542.662143 4.184346676 -0.497146070 -0.917793870 -0.198454022 0.249219418 -0.596671820 0.736538112
1403715542.712143 4.211146355 -0.506496966 -0.897690058 -0.194099486 0.242209986 -0.596710742 0.739997268
1403715542.762143 4.234701633 -0.515550077 -0.879735708 -0.192432716 0.235484123 -0.598047435 0.741522789
1403715542.812143 4.256017208 -0.522704482 -0.861456037 -0.192699119 0.228357270 -0.599077046 0.742850482
1403715542.862143 4.275590897 -0.527770817 -0.844069719 -0.193240255 0.221444249 -0.598687649 0.745113254
1403715542.912143 4.293288231 -0.531256080 -0.827665687 -0.192580223 0.216221452 -0.597332716 0.747900248
1403715542.962143 4.310137272 -0.533340394 -0.811150908 -0.190464556 0.212604985 -0.594321251 0.751867414
1403715543.012143 4.325758457 -0.533514678 -0.795639992 -0.187277108 0.210667968 -0.590921640 0.755882144
1403715543.062143 4.340332031 -0.531511486 -0.781027317 -0.184090942 0.210533962 -0.588576972 0.758526981
1403715543.112143 4.354252338 -0.527346194 -0.767280698 -0.181665048 0.210571200 -0.585994363 0.761096716
1403715543.162143 4.366939068 -0.522530913 -0.754767776 -0.180037200 0.212029234 -0.585278511 0.761629343
1403715543.212143 4.380047321 -0.516536117 -0.742772818 -0.178139806 0.214563355 -0.584201932 0.762192130
1403715543.262143 4.392266750 -0.510503769 -0.732838035 -0.175501153 0.217818871 -0.582713902 0.763019502
1403715543.312143 4.403445244 -0.503433287 -0.724979758 -0.173854515 0.220160946 -0.580818653 0.764168441
1403715543.362143 4.414236069 -0.495575339 -0.718861461 -0.174529642 0.221322730 -0.580973029 0.763561428
1403715543.412143 4.424567699 -0.487815738 -0.715168357 -0.174792543 0.223273858 -0.581223547 0.762742102
1403715543.462143 4.433838844 -0.479754537 -0.713718295 -0.177289218 0.224115491 -0.583661854 0.760052323
1403715543.512143 4.442809105 -0.472524971 -0.712443709 -0.180049255 0.225080475 -0.586334765 0.757055223
1403715543.562143 4.450229168 -0.464325130 -0.713980198 -0.180479899 0.228108957 -0.588733494 0.754179120
1403715543.612143 4.456808090 -0.454737514 -0.717312098 -0.179579988 0.232257426 -0.591349363 0.751074851
1403715543.662143 4.461259365 -0.445223957 -0.723122358 -0.178574890 0.237601548 -0.595939755 0.745997488
1403715543.712143 4.464505672 -0.433979750 -0.730776787 -0.179666355 0.243108064 -0.600206077 0.740520835
1403715543.762143 4.465911865 -0.421294987 -0.740093470 -0.183815509 0.249683291 -0.605146706 0.733258188
1403715543.812143 4.464415073 -0.406971812 -0.750720263 -0.190581188 0.256120652 -0.609669983 0.725522935
1403715543.862143 4.459959030 -0.391096175 -0.762116075 -0.199677512 0.262156159 -0.612081885 0.718859434
1403715543.912143 4.452150345 -0.374046326 -0.774565220 -0.210231856 0.268352300 -0.612506390 0.713179827
1403715543.962143 4.440665245 -0.356130391 -0.789399862 -0.223174646 0.273486406 -0.610283732 0.709191144
1403715544.012143 4.424793243 -0.337510675 -0.804660082 -0.237563476 0.278813332 -0.606945693 0.705296874
1403715544.062143 4.404675007 -0.318229377 -0.820030332 -0.252721548 0.284816235 -0.601154149 0.702584684
1403715544.112143 4.381044388 -0.296360373 -0.834503770 -0.265731007 0.291457504 -0.588492930 0.705773056
1403715544.162143 4.354341507 -0.271937221 -0.847643018 -0.279136539 0.298966974 -0.572580278 0.710530341
1403715544.212143 4.323092461 -0.244469002 -0.861776948 -0.292394191 0.308264852 -0.555202901 0.715002239
1403715544.262143 4.290364265 -0.213349849 -0.873490810 -0.306618243 0.319117039 -0.537276566 0.717971742
1403715544.312143 4.256011009 -0.179621279 -0.882858515 -0.320982724 0.330677211 -0.517765582 0.720792294
1403715544.362143 4.220118999 -0.142720133 -0.890113235 -0.334884852 0.342733741 -0.497623473 0.723019063
1403715544.412143 4.182360649 -0.102866530 -0.896382928 -0.347463131 0.355178088 -0.477210492 0.724836528
1403715544.462143 4.142498970 -0.062056661 -0.902018189 -0.359575599 0.368295342 -0.458981156 0.724154770
1403715544.512143 4.101000786 -0.021646142 -0.906894207 -0.371538252 0.380212784 -0.442586541 0.722159803
1403715544.562143 4.058193207 0.016681135 -0.912501454 -0.381950974 0.391376406 -0.428029180 0.719533861
1403715544.612143 4.014691830 0.051061630 -0.918419719 -0.390695244 0.400879174 -0.416102320 0.716597497
1403715544.662143 3.965106249 0.077904582 -0.927925706 -0.398512363 0.408092469 -0.406895995 0.713501275
1403715544.712143 3.919671535 0.100522161 -0.937782049 -0.403642714 0.416303813 -0.402961016 0.708086252
1403715544.762143 3.875954151 0.117463291 -0.948351860 -0.406414598 0.424014866 -0.401176453 0.702919602
1403715544.812143 3.828390121 0.127681792 -0.961437166 -0.408432752 0.429811835 -0.400844872 0.698403776
1403715544.862143 3.779433012 0.131282628 -0.976767778 -0.409835577 0.433676332 -0.401335597 0.694902420
1403715544.912143 3.728394270 0.129370093 -0.993757725 -0.411180109 0.434569538 -0.400967389 0.693761766
1403715544.962143 3.676193237 0.124196827 -1.011605978 -0.413516611 0.432670236 -0.399413228 0.694456339
1403715545.012143 3.622170210 0.118003428 -1.030439377 -0.417138308 0.429299504 -0.397079319 0.695719481
1403715545.062143 3.569245815 0.107607007 -1.048827410 -0.420693129 0.427417725 -0.393640310 0.696691215
1403715545.112143 3.513545990 0.100679815 -1.067533255 -0.424952060 0.426297247 -0.390084445 0.696793020
1403715545.162143 3.458599091 0.096811354 -1.086021781 -0.430227339 0.426036954 -0.385806799 0.696096241
1403715545.212143 3.402146816 0.093889773 -1.103531837 -0.434860945 0.427755326 -0.380315185 0.695184648
1403715545.262143 3.345661402 0.094149470 -1.118939519 -0.440761089 0.429026127 -0.374146968 0.694031954
1403715545.312143 3.289254904 0.097332418 -1.133254290 -0.445958048 0.431806237 -0.367060304 0.692770898
1403715545.362143 3.233103275 0.102185190 -1.145806551 -0.449187219 0.435618997 -0.359717280 0.692149103
1403715545.412143 3.176542997 0.108082175 -1.157346725 -0.448371738 0.441164613 -0.351386666 0.693443537
1403715545.462143 3.119897366 0.113105595 -1.168975592 -0.445938855 0.446549237 -0.342327565 0.696092010
1403715545.512143 3.060852289 0.113865614 -1.182863712 -0.442311198 0.451632112 -0.333395183 0.699454725
1403715545.562143 3.005377769 0.116189778 -1.197104096 -0.438950300 0.456396699 -0.325410426 0.702234089
1403715545.612143 2.950446129 0.116828501 -1.213126421 -0.435291290 0.460559368 -0.318685919 0.704872906
1403715545.662143 2.895059109 0.117820144 -1.231044292 -0.432367653 0.463651657 -0.314057916 0.706719935
1403715545.712143 2.840079308 0.119632900 -1.250715256 -0.430223018 0.464739978 -0.312109798 0.708175361
1403715545.762143 2.785595417 0.122213840 -1.271785617 -0.429680198 0.463710070 -0.312417448 0.709043920
1403715545.812143 2.731458187 0.125841618 -1.294852495 -0.430383950 0.460836291 -0.315412641 0.709164619
1403715545.862143 2.677370548 0.129548073 -1.319435358 -0.430057585 0.457512647 -0.320933670 0.709037542
1403715545.912143 2.623365402 0.133936286 -1.345357180 -0.430797219 0.451550961 -0.329199821 0.708620489
1403715545.962143 2.567043543 0.131894290 -1.372509480 -0.431242466 0.444155484 -0.339864075 0.707988858
1403715546.012143 2.513211250 0.135942459 -1.399413109 -0.430231243 0.435162812 -0.352370352 0.708074510
1403715546.062143 2.461702585 0.139988601 -1.427863240 -0.426694959 0.425959855 -0.365998536 0.708896756
1403715546.112143 2.408979416 0.143141091 -1.454675913 -0.421328545 0.415201962 -0.380000532 0.711118281
1403715546.162143 2.356772184 0.145790488 -1.481662035 -0.412066698 0.404299974 -0.393636286 0.715397179
1403715546.212143 2.304852009 0.148389548 -1.509285569 -0.402129173 0.392248571 -0.408504128 0.719414771
1403715546.262143 2.252522230 0.150570512 -1.536308646 -0.390026420 0.379330516 -0.422528565 0.724884391
1403715546.312143 2.199249268 0.152616739 -1.563288927 -0.376996279 0.365937710 -0.436246783 0.730515003
1403715546.362143 2.146248341 0.152506962 -1.590054512 -0.363456279 0.352352977 -0.450385422 0.735458970
1403715546.412143 2.093735695 0.153044224 -1.617174745 -0.349840999 0.337145180 -0.463354528 0.741111994
1403715546.462143 2.041718006 0.152887940 -1.643346190 -0.335473925 0.322235733 -0.476753235 0.745873809
1403715546.512143 1.989584565 0.151582420 -1.671220303 -0.321383178 0.306358218 -0.489862829 0.750261247
1403715546.562143 1.937640667 0.150554836 -1.698764086 -0.306263089 0.291076124 -0.503078222 0.753916383
1403715546.612143 1.886126876 0.149599195 -1.726253629 -0.293144941 0.273866683 -0.517151833 0.756053627
1403715546.662143 1.834371448 0.148976251 -1.753458023 -0.280794919 0.254838854 -0.530479610 0.758157432
1403715546.712143 1.782593966 0.149478763 -1.779159784 -0.269365340 0.234007463 -0.543355763 0.759899557
1403715546.762143 1.730591416 0.149471551 -1.803512454 -0.260364681 0.209717661 -0.554411352 0.762139618
1403715546.812143 1.680832028 0.150777161 -1.826197147 -0.250672221 0.185042351 -0.563291848 0.765261471
1403715546.862143 1.632823110 0.150409833 -1.849916458 -0.239053845 0.162873641 -0.571429312 0.767980456
1403715546.912143 1.587241888 0.147947103 -1.870769739 -0.225100785 0.143802196 -0.579438567 0.770000994
1403715546.962143 1.543057084 0.145447776 -1.890454531 -0.213283375 0.125515461 -0.591962099 0.767031312
1403715547.012143 1.500323772 0.142883062 -1.908851862 -0.201254725 0.109261967 -0.606167495 0.761655629
1403715547.062143 1.459187269 0.140303820 -1.925562501 -0.188854635 0.092905134 -0.618707776 0.756903708
1403715547.112143 1.418611526 0.136257946 -1.939199686 -0.175201684 0.077318065 -0.630117059 0.752514958
1403715547.162143 1.376579881 0.133380428 -1.949219942 -0.160909787 0.062481023 -0.641192198 0.747714341
1403715547.212143 1.336472034 0.127978772 -1.957604647 -0.146155313 0.047894809 -0.651808500 0.742624044
1403715547.262143 1.297153234 0.120607302 -1.962989807 -0.131900311 0.034089491 -0.662407696 0.736652076
1403715547.312143 1.257989168 0.113181800 -1.965353012 -0.118714377 0.020458849 -0.671981752 0.730704367
1403715547.362143 1.218871117 0.105636135 -1.965228558 -0.106221117 0.006840855 -0.679858088 0.725577831
1403715547.412143 1.179602385 0.097859383 -1.962521076 -0.095125273 -0.007678795 -0.685584128 0.721710920
1403715547.462143 1.139237642 0.089808583 -1.956571341 -0.085562147 -0.023094304 -0.690206647 0.718164682
1403715547.512143 1.098007202 0.081408471 -1.948184133 -0.075532898 -0.038180687 -0.694379807 0.714614272
1403715547.562143 1.059647560 0.072325170 -1.931844354 -0.065008052 -0.053105615 -0.699599981 0.709586978
1403715547.612143 1.016720176 0.062023997 -1.915182471 -0.053087603 -0.067511708 -0.704929113 0.704058886
1403715547.662143 0.972837925 0.050639123 -1.896184921 -0.041072663 -0.081647187 -0.710640609 0.697593510
1403715547.712143 0.929192185 0.037427396 -1.873053789 -0.028970905 -0.094929166 -0.716641009 0.690343976
1403715547.762143 0.885065556 0.023710996 -1.846307397 -0.016475320 -0.108039096 -0.722067595 0.683135748
1403715547.812143 0.838792324 0.008190751 -1.817426443 -0.003709285 -0.120612547 -0.726408243 0.676586926
1403715547.862143 0.789653182 -0.008035272 -1.783302903 0.009487973 -0.132876843 -0.729975343 0.670365334
1403715547.912143 0.741724491 -0.026722223 -1.746558547 0.024771634 -0.141956136 -0.733440995 0.664303541
1403715547.962143 0.690774620 -0.046263546 -1.707590580 0.041133832 -0.148786187 -0.735425889 0.659787476
1403715548.012143 0.639310300 -0.066721156 -1.665233731 0.057756890 -0.153021812 -0.734921157 0.658133268
1403715548.062143 0.587400377 -0.089262292 -1.620695353 0.073959284 -0.153164268 -0.735428870 0.655907810
1403715548.112143 0.535488725 -0.111577965 -1.573164821 0.089501366 -0.150440708 -0.736579835 0.653304935
1403715548.162143 0.482149690 -0.134532362 -1.525953293 0.101683222 -0.147632778 -0.737268984 0.651382804
1403715548.212143 0.427502930 -0.155587718 -1.477646708 0.111443982 -0.144286215 -0.738650918 0.648965716
1403715548.262143 0.372954965 -0.177565694 -1.429394007 0.118945152 -0.140320674 -0.740127742 0.646817684
1403715548.312143 0.317028105 -0.197776690 -1.380072951 0.124670118 -0.137078583 -0.740875483 0.645577550
1403715548.362143 0.260741770 -0.213801175 -1.328620315 0.126754314 -0.135518387 -0.741234124 0.645089209
1403715548.412143 0.204048365 -0.227153420 -1.277622700 0.127534017 -0.133396491 -0.742531300 0.643884897
1403715548.462143 0.146485090 -0.237838924 -1.227330089 0.126523271 -0.133002609 -0.742279112 0.644456267
1403715548.512143 0.088909239 -0.246166110 -1.177942634 0.125585318 -0.133007929 -0.741462708 0.645577550
1403715548.562143 0.029650718 -0.254614025 -1.128233671 0.124376245 -0.133422330 -0.738670349 0.648918509
1403715548.612143 -0.030950010 -0.262522995 -1.078245282 0.122664824 -0.134024665 -0.736189067 0.651932836
1403715548.662143 -0.091634542 -0.270112425 -1.029320598 0.121002413 -0.133764938 -0.733957648 0.654806495
1403715548.712143 -0.152565330 -0.277742982 -0.980886519 0.119864978 -0.132890001 -0.731821060 0.657579362
1403715548.762143 -0.214328468 -0.285974443 -0.932250202 0.118990853 -0.131771684 -0.730019629 0.659961224
1403715548.812143 -0.276918888 -0.294217199 -0.883125126 0.116959766 -0.131128147 -0.728803933 0.661793530
1403715548.862143 -0.339324176 -0.302331209 -0.834458768 0.116009690 -0.129146740 -0.727984011 0.663251162
