1403715523.962143 0.0652229 -0.0207064 -0.0080546 0.0077072 -0.0104993 -0.7017528 0.7123015 -0.0021416 0.0021352 0.0012729 -0.0019618 0.0201266 0.0764846 -0.0406202 0.1706235 -0.0357196 
1403715524.362143 0.0651033 -0.0205021 -0.0077172 0.0077244 -0.0103680 -0.7018152 0.7122417 0.0000826 0.0034537 0.0016044 -0.0019618 0.0201266 0.0764846 -0.0406202 0.1706235 -0.0357196 
1403715524.812143 0.0649506 -0.0206551 -0.0077282 0.0076739 -0.0104268 -0.7018890 0.7121687 -0.0031194 0.0006600 0.0006633 -0.0019618 0.0201266 0.0764846 -0.0406202 0.1706235 -0.0357196 
1403715525.212143 0.0650983 -0.0204836 -0.0077465 0.0081797 -0.0102113 -0.7010846 0.7129581 -0.0049561 0.0001171 0.0015176 -0.0019618 0.0201266 0.0764846 -0.0406202 0.1706235 -0.0357196 
1403715525.662143 0.0653848 -0.0205366 -0.0077042 0.0074384 -0.0104690 -0.7012547 0.7127951 0.0050788 0.0013574 0.0006105 -0.0019618 0.0201266 0.0764846 -0.0406202 0.1706235 -0.0357196 
1403715526.062143 0.0652235 -0.0203990 -0.0075341 0.0078978 -0.0103534 -0.7015770 0.7124747 -0.0000244 0.0001239 0.0029099 -0.0019618 0.0201266 0.0764846 -0.0406202 0.1706235 -0.0357196 
1403715526.512143 0.0651755 -0.0205826 -0.0075439 0.0077310 -0.0103875 -0.7016893 0.7123654 0.0012727 0.0011585 0.0036628 -0.0019618 0.0201266 0.0764846 -0.0406202 0.1706235 -0.0357196 
1403715526.962143 0.0651246 -0.0206353 -0.0072764 0.0076500 -0.0103610 -0.7014480 0.7126042 0.0037988 0.0049024 0.0016655 -0.0019618 0.0201266 0.0764846 -0.0406202 0.1706235 -0.0357196 
1403715527.362143 0.0651343 -0.0207327 -0.0077356 0.0076631 -0.0104231 -0.7015121 0.7125402 0.0102756 0.0009813 0.0023374 -0.0019618 0.0201266 0.0764846 -0.0406202 0.1706235 -0.0357196 
1403715528.512143 0.0644906 -0.0280023 -0.0052530 -0.0036754 -0.0213137 -0.6991523 0.7146456 -0.0286420 -0.0761887 -0.0116501 -0.0019618 0.0201266 0.0764846 -0.0406202 0.1706235 -0.0357196 
1403715528.812143 0.0491466 -0.0801406 -0.0072922 0.0002742 -0.0135315 -0.6936259 0.7202082 -0.0646918 -0.2465355 -0.0164133 -0.0019618 0.0201266 0.0764846 -0.0406202 0.1706235 -0.0357196 
1403715528.962143 0.0373257 -0.1190376 -0.0098418 0.0013346 -0.0092273 -0.6945726 0.7193622 -0.0964972 -0.2447576 -0.0183361 -0.0019618 0.0201266 0.0764846 -0.0406202 0.1706235 -0.0357196 
1403715529.012143 0.0322804 -0.1318337 -0.0106537 0.0006579 -0.0102291 -0.6956346 0.7183227 -0.1116205 -0.2641751 -0.0085017 -0.0019618 0.0201266 0.0764846 -0.0406202 0.1706235 -0.0357196 
1403715529.062143 0.0263736 -0.1446674 -0.0110375 0.0012337 -0.0133748 -0.6954211 0.7184769 -0.1122151 -0.2818091 -0.0212207 -0.0019618 0.0201266 0.0764846 -0.0406202 0.1706235 -0.0357196 
1403715529.112143 0.0203363 -0.1604164 -0.0124155 0.0048077 -0.0171933 -0.6947929 0.7189883 -0.1463182 -0.3299143 -0.0328941 -0.0019618 0.0201266 0.0764846 -0.0406202 0.1706235 -0.0357196 
1403715529.162143 0.0129911 -0.1776552 -0.0142247 0.0091201 -0.0217669 -0.6960561 0.7175994 -0.1521515 -0.3826355 -0.0569626 -0.0019618 0.0201266 0.0764846 -0.0406202 0.1706235 -0.0357196 
1403715529.262143 -0.0025734 -0.2187187 -0.0201403 0.0167817 -0.0363616 -0.6989569 0.7140416 -0.1589059 -0.4280052 -0.0566542 -0.0019618 0.0201266 0.0764846 -0.0406202 0.1706235 -0.0357196 
1403715529.362143 -0.0191069 -0.2593072 -0.0243390 0.0253502 -0.0535445 -0.7042235 0.7075023 -0.1698161 -0.3745051 -0.0126151 -0.0019618 0.0201266 0.0764846 -0.0406202 0.1706235 -0.0357196 
1403715529.512143 -0.0459130 -0.3076271 -0.0205548 0.0435739 -0.0706267 -0.7117024 0.6975621 -0.2015833 -0.2843162 0.0580526 -0.0019618 0.0201266 0.0764846 -0.0406202 0.1706235 -0.0357196 
1403715529.662143 -0.0772773 -0.3419628 -0.0068394 0.0572466 -0.0788229 -0.7157687 0.6915091 -0.2157063 -0.2070467 0.1146636 -0.0019618 0.0201266 0.0764846 -0.0406202 0.1706235 -0.0357196 
1403715529.812143 -0.1120312 -0.3745534 0.0121884 0.0665705 -0.0831916 -0.7196671 0.6860953 -0.2349169 -0.2603788 0.1251459 -0.0019618 0.0201266 0.0764846 -0.0406202 0.1706235 -0.0357196 
1403715529.962143 -0.1490211 -0.4175210 0.0295948 0.0748455 -0.0845644 -0.7183630 0.6864413 -0.2662769 -0.3147328 0.1039224 -0.0019618 0.0201266 0.0764846 -0.0406202 0.1706235 -0.0357196 
1403715530.062143 -0.1759482 -0.4508326 0.0393963 0.0821985 -0.0784952 -0.7209774 0.6835741 -0.2974626 -0.3467569 0.0757107 -0.0019618 0.0201266 0.0764846 -0.0406202 0.1706235 -0.0357196 
1403715530.212143 -0.2233446 -0.5064406 0.0461550 0.0837459 -0.0717598 -0.7287800 0.6758084 -0.3309460 -0.4431617 0.0033673 -0.0019618 0.0201266 0.0764846 -0.0406202 0.1706235 -0.0357196 
1403715530.362143 -0.2784337 -0.5859341 0.0382265 0.0754902 -0.0762367 -0.7318574 0.6729591 -0.4475802 -0.6133230 -0.1188514 -0.0019618 0.0201266 0.0764846 -0.0406202 0.1706235 -0.0357196 
1403715530.512143 -0.3514738 -0.6867664 0.0156865 0.0778555 -0.0845683 -0.7254779 0.6785783 -0.4728237 -0.7099240 -0.1461950 -0.0019618 0.0201266 0.0764846 -0.0406202 0.1706235 -0.0357196 
1403715530.662143 -0.4247366 -0.7802944 -0.0032804 0.0867356 -0.0943619 -0.7231086 0.6787391 -0.5475358 -0.5179012 -0.1013088 -0.0019618 0.0201266 0.0764846 -0.0406202 0.1706235 -0.0357196 
1403715530.962143 -0.5968572 -0.9165889 -0.0307340 0.1121374 -0.1230417 -0.7241329 0.6692663 -0.5696824 -0.3993348 -0.0758918 -0.0019618 0.0201266 0.0764846 -0.0406202 0.1706235 -0.0357196 
1403715531.062143 -0.6541056 -0.9536351 -0.0373377 0.1095952 -0.1402508 -0.7256545 0.6646383 -0.5986606 -0.3476195 -0.0606971 -0.0019618 0.0201266 0.0764846 -0.0406202 0.1706235 -0.0357196 
1403715531.212143 -0.7454191 -1.0007244 -0.0403004 0.0966304 -0.1696328 -0.7217410 0.6640612 -0.6182105 -0.3432255 0.0251033 -0.0019618 0.0201266 0.0764846 -0.0406202 0.1706235 -0.0357196 
1403715531.362143 -0.8370327 -1.0603435 -0.0272885 0.1161000 -0.1683526 -0.7053788 0.6786892 -0.5853839 -0.4428995 0.1414355 -0.0019618 0.0201266 0.0764846 -0.0406202 0.1706235 -0.0357196 
1403715532.062143 -1.1212926 -1.1986206 0.1860624 0.1505259 -0.1250172 -0.7186665 0.6672564 -0.2933537 -0.0755033 0.2839382 -0.0019618 0.0201266 0.0764846 -0.0406202 0.1706235 -0.0357196 
1403715532.212143 -1.1634277 -1.2074828 0.2232241 0.1521367 -0.1201571 -0.7205686 0.6657309 -0.2583402 -0.0575278 0.2166837 -0.0019618 0.0201266 0.0764846 -0.0406202 0.1706235 -0.0357196 
1403715532.362143 -1.2016943 -1.2129587 0.2494165 0.1555710 -0.1289593 -0.7166178 0.6675523 -0.2201637 0.0136233 0.1328117 -0.0019618 0.0201266 0.0764846 -0.0406202 0.1706235 -0.0357196 
1403715532.512143 -1.2312778 -1.2088597 0.2659983 0.1576398 -0.1408111 -0.7078804 0.6739639 -0.1815622 0.0240729 0.0998770 -0.0019618 0.0201266 0.0764846 -0.0406202 0.1706235 -0.0357196 
1403715532.812143 -1.2495718 -1.1935133 0.2890739 0.1734296 -0.1517707 -0.6776696 0.6983207 0.0972860 0.0389233 0.1004628 -0.0019618 0.0201266 0.0764846 -0.0406202 0.1706235 -0.0357196 
1403715532.962143 -1.2195235 -1.1810547 0.3052406 0.1659149 -0.1478064 -0.6715325 0.7068732 0.3172370 0.1154759 0.1156218 -0.0019618 0.0201266 0.0764846 -0.0406202 0.1706235 -0.0357196 
1403715533.062143 -1.1812398 -1.1637722 0.3187519 0.1511333 -0.1400941 -0.6675097 0.7155160 0.3948281 0.3062740 0.1327573 -0.0019618 0.0201266 0.0764846 -0.0406202 0.1706235 -0.0357196 
1403715533.212143 -1.1056430 -1.1145036 0.3397439 0.1299220 -0.1043487 -0.6673233 0.7258865 0.7222100 0.1876433 0.1424676 -0.0019618 0.0201266 0.0764846 -0.0406202 0.1706235 -0.0357196 
1403715533.362143 -0.9808785 -1.0976306 0.3512290 0.1094750 -0.0716237 -0.6714726 0.7293900 0.8071065 0.1260516 -0.0245910 -0.0019618 0.0201266 0.0764846 -0.0406202 0.1706235 -0.0357196 
1403715533.512143 -0.8494628 -1.0929253 0.3386664 0.0836991 -0.0620507 -0.6712203 0.7338988 0.9679708 -0.0504848 -0.1592585 -0.0019618 0.0201266 0.0764846 -0.0406202 0.1706235 -0.0357196 
1403715533.662143 -0.6928908 -1.1144247 0.3067127 0.0669653 -0.0691068 -0.6543733 0.7500237 1.1783187 -0.2406683 -0.2705074 -0.0019618 0.0201266 0.0764846 -0.0406202 0.1706235 -0.0357196 
1403715533.812143 -0.5000947 -1.1648991 0.2637386 0.0563520 -0.0741697 -0.6468479 0.7569089 1.3181934 -0.3226022 -0.3311597 -0.0019618 0.0201266 0.0764846 -0.0406202 0.1706235 -0.0357196 
1403715533.962143 -0.2912395 -1.2072059 0.2202360 0.0476958 -0.0668337 -0.6607558 0.7460966 1.4673742 -0.2081800 -0.2491260 -0.0019618 0.0201266 0.0764846 -0.0406202 0.1706235 -0.0357196 
1403715534.062143 -0.1417293 -1.2206628 0.1985069 0.0442513 -0.0622934 -0.6710167 0.7374943 1.5316168 -0.1250897 -0.1999247 -0.0019618 0.0201266 0.0764846 -0.0406202 0.1706235 -0.0357196 
1403715534.212143 0.0908270 -1.2264768 0.1751465 0.0404352 -0.0557347 -0.6894822 0.7210221 1.5929112 0.0651960 -0.0853782 -0.0019618 0.0201266 0.0764846 -0.0406202 0.1706235 -0.0357196 
1403715534.362143 0.3276579 -1.2053087 0.1679534 0.0389955 -0.0532280 -0.7005284 0.7105674 1.5241394 0.1546182 -0.0106351 -0.0019618 0.0201266 0.0764846 -0.0406202 0.1706235 -0.0357196 
1403715534.512143 0.5531551 -1.1701902 0.1724445 0.0298288 -0.0470725 -0.7023210 0.7096758 1.4868453 0.3093706 0.0520484 -0.0019618 0.0201266 0.0764846 -0.0406202 0.1706235 -0.0357196 
1403715534.662143 0.7729719 -1.1236963 0.1828883 0.0122290 -0.0333609 -0.6974038 0.7157971 1.4684446 0.3799804 0.0827160 -0.0019618 0.0201266 0.0764846 -0.0406202 0.1706235 -0.0357196 
1403715534.812143 0.9890342 -1.0653088 0.1969365 -0.0197984 -0.0163256 -0.6894798 0.7238502 1.3859216 0.2985005 0.1224000 -0.0019618 0.0201266 0.0764846 -0.0406202 0.1706235 -0.0357196 
1403715534.962143 1.1926467 -1.0195112 0.2204785 -0.0624787 0.0035253 -0.6794676 0.7310320 1.3318983 0.2968289 0.1942609 -0.0019618 0.0201266 0.0764846 -0.0406202 0.1706235 -0.0357196 
1403715535.062143 1.3233409 -0.9909063 0.2433764 -0.0853358 0.0167279 -0.6729610 0.7345485 1.3153577 0.2899649 0.2463400 -0.0019618 0.0201266 0.0764846 -0.0406202 0.1706235 -0.0357196 
1403715535.212143 1.5150499 -0.9502149 0.2902938 -0.1151298 0.0222441 -0.6619308 0.7403364 1.2306526 0.2731850 0.3647284 -0.0019618 0.0201266 0.0764846 -0.0406202 0.1706235 -0.0357196 
1403715535.362143 1.6974459 -0.9185410 0.3586845 -0.1313820 0.0238477 -0.6515414 0.7467689 1.1831857 0.1450596 0.5478247 -0.0019618 0.0201266 0.0764846 -0.0406202 0.1706235 -0.0357196 
1403715535.512143 1.8772697 -0.9037461 0.4531972 -0.1209050 0.0347704 -0.6318275 0.7648314 1.2151387 0.0387958 0.6926910 -0.0019618 0.0201266 0.0764846 -0.0406202 0.1706235 -0.0357196 
1403715535.662143 2.0646827 -0.9004583 0.5636612 -0.1008819 0.0538546 -0.6332622 0.7654421 1.2712390 0.0130344 0.7529431 -0.0019618 0.0201266 0.0764846 -0.0406202 0.1706235 -0.0357196 
1403715535.812143 2.2567165 -0.8990820 0.6807585 -0.0850166 0.0520105 -0.6490605 0.7541800 1.2917379 -0.0112247 0.7677873 -0.0019618 0.0201266 0.0764846 -0.0406202 0.1706235 -0.0357196 
1403715535.962143 2.4485524 -0.8986927 0.8006018 -0.0734307 0.0308626 -0.6722283 0.7360466 1.2055216 0.0414176 0.8580813 -0.0019618 0.0201266 0.0764846 -0.0406202 0.1706235 -0.0357196 
1403715536.062143 2.5675132 -0.8973058 0.8870119 -0.0695873 0.0116094 -0.6803057 0.7295252 1.1870953 -0.0019554 0.8572044 -0.0019618 0.0201266 0.0764846 -0.0406202 0.1706235 -0.0357196 
1403715536.212143 2.7412198 -0.9037353 1.0231744 -0.0658324 -0.0118544 -0.6897334 0.7209670 1.1142157 -0.0641175 0.9307988 -0.0019618 0.0201266 0.0764846 -0.0406202 0.1706235 -0.0357196 
1403715536.362143 2.9003911 -0.9247721 1.1706094 -0.0593879 -0.0213395 -0.7031522 0.7082335 0.9981697 -0.1708630 1.0427861 -0.0019618 0.0201266 0.0764846 -0.0406202 0.1706235 -0.0357196 
1403715536.512143 3.0396171 -0.9579960 1.3341219 -0.0475225 -0.0131622 -0.7224831 0.6896278 0.8257667 -0.2821519 1.1168983 -0.0019618 0.0201266 0.0764846 -0.0406202 0.1706235 -0.0357196 
1403715536.662143 3.1476316 -1.0046209 1.5060918 -0.0340155 -0.0006807 -0.7328557 0.6795329 0.6166065 -0.3634209 1.1635357 -0.0019618 0.0201266 0.0764846 -0.0406202 0.1706235 -0.0357196 
1403715536.812143 3.2215307 -1.0636680 1.6782316 -0.0081213 0.0186176 -0.7353380 0.6773961 0.3505409 -0.3777988 1.1204230 -0.0019618 0.0201266 0.0764846 -0.0406202 0.1706235 -0.0357196 
1403715536.962143 3.2570179 -1.1203978 1.8364197 0.0146254 0.0404430 -0.7466117 0.6638685 0.1204913 -0.4037487 0.9759284 -0.0019618 0.0201266 0.0764846 -0.0406202 0.1706235 -0.0357196 
1403715537.062143 3.2595043 -1.1601697 1.9276478 0.0281954 0.0578650 -0.7538401 0.6538974 -0.0878036 -0.3969795 0.8276970 -0.0019618 0.0201266 0.0764846 -0.0406202 0.1706235 -0.0357196 
1403715537.212143 3.2221231 -1.2181126 2.0289600 0.0569298 0.0902871 -0.7564102 0.6453301 -0.4071252 -0.3584330 0.4957304 -0.0019618 0.0201266 0.0764846 -0.0406202 0.1706235 -0.0357196 
1403715537.362143 3.1370084 -1.2654850 2.0744064 0.0789030 0.0961014 -0.7342515 0.6673931 -0.7003417 -0.2515190 0.0890503 -0.0019618 0.0201266 0.0764846 -0.0406202 0.1706235 -0.0357196 
1403715537.512143 3.0196664 -1.2925676 2.0611124 0.0566426 0.0512581 -0.7032003 0.7068759 -0.8789433 -0.1188843 -0.2585035 -0.0019618 0.0201266 0.0764846 -0.0406202 0.1706235 -0.0357196 
1403715537.662143 2.8867695 -1.3091543 2.0064275 0.0216608 0.0077439 -0.6832030 0.7298661 -0.8395040 -0.1074023 -0.4299341 -0.0019618 0.0201266 0.0764846 -0.0406202 0.1706235 -0.0357196 
1403715537.812143 2.7656553 -1.3290356 1.9354651 0.0286575 0.0161356 -0.6738837 0.7381051 -0.7919362 -0.1649041 -0.5309401 -0.0019618 0.0201266 0.0764846 -0.0406202 0.1706235 -0.0357196 
1403715537.962143 2.6519580 -1.3454926 1.8483688 0.0339004 0.0262206 -0.6741330 0.7373655 -0.7286155 -0.0370900 -0.6450521 -0.0019618 0.0201266 0.0764846 -0.0406202 0.1706235 -0.0357196 
1403715538.062143 2.5815072 -1.3473358 1.7806357 0.0264951 0.0186770 -0.6709115 0.7408285 -0.6804429 -0.0126057 -0.7133347 -0.0019618 0.0201266 0.0764846 -0.0406202 0.1706235 -0.0357196 
1403715538.212143 2.4875429 -1.3413727 1.6691035 0.0084018 0.0114574 -0.6612055 0.7500703 -0.5926400 0.1565608 -0.7522029 -0.0019618 0.0201266 0.0764846 -0.0406202 0.1706235 -0.0357196 
1403715538.362143 2.4060094 -1.3053787 1.5580393 -0.0089862 0.0269350 -0.6548748 0.7552038 -0.4484973 0.3096934 -0.7472739 -0.0019618 0.0201266 0.0764846 -0.0406202 0.1706235 -0.0357196 
1403715538.512143 2.3455498 -1.2562623 1.4403095 -0.0166961 0.0706259 -0.6592116 0.7484473 -0.3994487 0.3275508 -0.8327499 -0.0019618 0.0201266 0.0764846 -0.0406202 0.1706235 -0.0357196 
1403715538.662143 2.2868965 -1.2026470 1.3050127 -0.0377300 0.1084519 -0.6589012 0.7434137 -0.3618952 0.4209171 -0.9954975 -0.0019618 0.0201266 0.0764846 -0.0406202 0.1706235 -0.0357196 
1403715538.812143 2.2318916 -1.1324190 1.1480765 -0.0818335 0.1261007 -0.6452164 0.7490645 -0.3762709 0.4835099 -1.0928173 -0.0019618 0.0201266 0.0764846 -0.0406202 0.1706235 -0.0357196 
1403715538.962143 2.1750374 -1.0542146 0.9807109 -0.1355638 0.1476997 -0.6249602 0.7544746 -0.4662832 0.6156025 -1.0869914 -0.0019618 0.0201266 0.0764846 -0.0406202 0.1706235 -0.0357196 
1403715539.062143 2.1275585 -0.9870920 0.8727331 -0.1690325 0.1729585 -0.6079081 0.7562811 -0.4199443 0.6705462 -1.0987546 -0.0019618 0.0201266 0.0764846 -0.0406202 0.1706235 -0.0357196 
1403715539.212143 2.0612948 -0.8713594 0.7129521 -0.2164363 0.2134083 -0.5767349 0.7582803 -0.4615912 0.8645725 -1.0194006 -0.0019625 0.0201269 0.0764844 -0.0405140 0.1719345 -0.0350579 
1403715539.362143 1.9891288 -0.7299277 0.5651975 -0.2650217 0.2432486 -0.5439242 0.7581161 -0.5007399 0.9986792 -0.9436484 -0.0019633 0.0201270 0.0764841 -0.0404694 0.1731526 -0.0341571 
1403715539.512143 1.9152273 -0.5916560 0.4263101 -0.3000601 0.2674751 -0.5178552 0.7551470 -0.4884787 0.8153704 -0.9118652 -0.0019637 0.0201273 0.0764844 -0.0402310 0.1741387 -0.0333379 
1403715539.662143 1.8466850 -0.4932253 0.2889536 -0.3099785 0.2843601 -0.4903620 0.7632809 -0.4236104 0.5125235 -0.9269432 -0.0019639 0.0201278 0.0764847 -0.0401168 0.1753871 -0.0326540 
1403715539.812143 1.7885722 -0.4360303 0.1464408 -0.3108586 0.2993566 -0.4813616 0.7629178 -0.3553160 0.2786743 -0.9790157 -0.0019638 0.0201282 0.0764849 -0.0397084 0.1767836 -0.0320352 
1403715539.962143 1.7410963 -0.4092057 -0.0042519 -0.3155619 0.2881202 -0.4776983 0.7676013 -0.2628285 0.0668366 -1.0372068 -0.0019638 0.0201286 0.0764850 -0.0391757 0.1780153 -0.0314695 
1403715540.062143 1.7195408 -0.4039573 -0.1079300 -0.3191251 0.2717278 -0.4699461 0.7768358 -0.1648005 0.0541052 -1.0212801 -0.0019638 0.0201288 0.0764847 -0.0386583 0.1789501 -0.0312027 
1403715540.212143 1.7115311 -0.4063577 -0.2600975 -0.3182157 0.2511579 -0.4551873 0.7927566 0.0672788 -0.0506417 -1.0004383 -0.0019637 0.0201293 0.0764845 -0.0377487 0.1803619 -0.0310477 
1403715540.362143 1.7389184 -0.4156081 -0.4083988 -0.3174597 0.2515547 -0.4650567 0.7871860 0.2832232 -0.0583905 -0.9663684 -0.0019634 0.0201299 0.0764849 -0.0371041 0.1817563 -0.0309026 
1403715540.812143 1.9744799 -0.4158676 -0.7633642 -0.3402918 0.2342024 -0.4612450 0.7852412 0.8032745 0.0103395 -0.5796226 -0.0019622 0.0201313 0.0764857 -0.0359472 0.1847943 -0.0309437 
1403715541.212143 2.3935325 -0.4133325 -0.9542308 -0.3221740 0.2664061 -0.4685251 0.7782775 1.2313431 0.0284035 -0.3833959 -0.0019614 0.0201330 0.0764862 -0.0353294 0.1878369 -0.0315476 
1403715541.512143 2.7918504 -0.3905590 -1.0726134 -0.3226021 0.2811370 -0.4742094 0.7694253 1.3929425 0.1356837 -0.3860267 -0.0019614 0.0201337 0.0764865 -0.0347196 0.1900568 -0.0316317 
1403715541.812143 3.2314825 -0.3622452 -1.1659112 -0.3575170 0.2627131 -0.4987978 0.7445563 1.5312634 0.0206843 -0.1950176 -0.0019613 0.0201342 0.0764863 -0.0348032 0.1917363 -0.0316163 
1403715542.212143 3.7988146 -0.3849679 -1.1305777 -0.3319311 0.2703914 -0.5743271 0.6977525 1.1984018 -0.1719987 0.3771098 -0.0019612 0.0201345 0.0764867 -0.0351760 0.1943085 -0.0309684 
1403715542.662143 4.1843474 -0.4971459 -0.9177940 -0.1984540 0.2492194 -0.5966718 0.7365381 0.5561636 -0.2008573 0.4147158 -0.0019622 0.0201357 0.0764870 -0.0353663 0.1975470 -0.0297143 
1403715543.062143 4.3403318 -0.5315116 -0.7810275 -0.1840909 0.2105340 -0.5885769 0.7585270 0.2776473 0.0567686 0.2876516 -0.0019645 0.0201384 0.0764872 -0.0358557 0.2001596 -0.0277164 
1403715543.512143 4.4428098 -0.4725251 -0.7124435 -0.1800492 0.2250805 -0.5863347 0.7570552 0.1638361 0.1836567 -0.0079380 -0.0019687 0.0201431 0.0764873 -0.0370478 0.2026581 -0.0248262 
1403715543.962143 4.4406654 -0.3561306 -0.7893993 -0.2231746 0.2734864 -0.6102837 0.7091911 -0.2743943 0.3554056 -0.3076068 -0.0019716 0.0201489 0.0764852 -0.0379876 0.2046990 -0.0223108 
1403715544.212143 4.3230931 -0.2444691 -0.8617766 -0.2923942 0.3082649 -0.5552029 0.7150022 -0.6342534 0.5676957 -0.2436626 -0.0019737 0.0201536 0.0764830 -0.0385318 0.2055109 -0.0208190 
1403715544.662143 3.9651068 0.0779047 -0.9279257 -0.3985124 0.4080925 -0.4068960 0.7135013 -0.8972813 0.5360486 -0.1571235 -0.0019780 0.0201624 0.0764772 -0.0400128 0.2057358 -0.0183960 
1403715545.062143 3.5692460 0.1076073 -1.0488275 -0.4206931 0.4274178 -0.3936404 0.6966912 -1.0964927 -0.1531460 -0.3745696 -0.0019796 0.0201725 0.0764701 -0.0417107 0.2046234 -0.0171274 
1403715545.512143 3.0608524 0.1138653 -1.1828635 -0.4423111 0.4516321 -0.3333952 0.6994547 -1.1291499 0.0537545 -0.2675902 -0.0019817 0.0201817 0.0764610 -0.0429617 0.2026224 -0.0162288 
1403715545.962143 2.5670432 0.1318942 -1.3725095 -0.4312425 0.4441555 -0.3398641 0.7079889 -1.0762148 0.0815050 -0.5435364 -0.0019839 0.0201880 0.0764517 -0.0447735 0.2002253 -0.0157872 
1403715546.362143 2.1462487 0.1525072 -1.5900546 -0.3634563 0.3523530 -0.4503854 0.7354590 -1.0473685 0.0249214 -0.5254176 -0.0019858 0.0201911 0.0764438 -0.0465547 0.1979601 -0.0157910 
1403715546.762143 1.7305917 0.1494718 -1.8035132 -0.2603647 0.2097177 -0.5544113 0.7621396 -1.0039365 0.0205792 -0.4885118 -0.0019874 0.0201918 0.0764371 -0.0479444 0.1955893 -0.0160871 
1403715547.162143 1.3765798 0.1333803 -1.9492201 -0.1609098 0.0624810 -0.6411922 0.7477143 -0.7925548 -0.1081896 -0.1880562 -0.0019884 0.0201912 0.0764324 -0.0491455 0.1930873 -0.0163010 
1403715547.562143 1.0596477 0.0723251 -1.9318447 -0.0650081 -0.0531056 -0.6995999 0.7095870 -0.8305832 -0.1877405 0.2924278 -0.0019886 0.0201899 0.0764301 -0.0500166 0.1907893 -0.0163367 
1403715547.762143 0.8850657 0.0237111 -1.8463075 -0.0164753 -0.1080391 -0.7220676 0.6831358 -0.9143229 -0.2985305 0.5612283 -0.0019886 0.0201893 0.0764295 -0.0502846 0.1898109 -0.0163466 
1403715547.912143 0.7417242 -0.0267221 -1.7465586 0.0247716 -0.1419561 -0.7334410 0.6643035 -0.9908442 -0.3877915 0.7662365 -0.0019884 0.0201890 0.0764292 -0.0503870 0.1892766 -0.0163341 
1403715548.112143 0.5354889 -0.1115780 -1.5731647 0.0895013 -0.1504407 -0.7365798 0.6533049 -1.0577677 -0.4341104 0.9411743 -0.0019883 0.0201888 0.0764290 -0.0504102 0.1889829 -0.0163009 
1403715548.512143 0.0889093 -0.2461661 -1.1779426 0.1255853 -0.1330079 -0.7414626 0.6455776 -1.1794054 -0.1684061 1.0115941 -0.0019883 0.0201888 0.0764290 -0.0504268 0.1890233 -0.0163072 
