1403715523.962143 0.0607375 -0.0188161 -0.0068593 0.0078594 -0.0110986 -0.7022204 0.7118298 -0.0006311 0.0062348 0.0028481 -0.0017395 0.0209329 0.0767170 -0.0414847 0.4279378 0.0415873 
1403715524.812143 0.0605742 -0.0185057 -0.0071288 0.0075233 -0.0112073 -0.7023745 0.7116796 -0.0071794 -0.0042005 -0.0007417 -0.0017244 0.0208997 0.0767269 -0.0359706 0.4186194 0.0436133 
1403715526.062143 0.0606231 -0.0188155 -0.0074313 0.0070122 -0.0112212 -0.7026166 0.7114456 -0.0005198 -0.0000194 0.0015574 -0.0017046 0.0208602 0.0767196 -0.0301252 0.4057956 0.0469786 
1403715529.062143 0.0194136 -0.1492524 -0.0118663 -0.0008605 -0.0141477 -0.6978329 0.7161204 -0.1247816 -0.2718257 -0.0173888 -0.0016807 0.0208120 0.0765965 -0.0253549 0.3817582 0.0518646 
1403715529.112143 0.0127144 -0.1645777 -0.0130390 0.0023177 -0.0175572 -0.6976993 0.7161718 -0.1459235 -0.3376253 -0.0372847 -0.0016804 0.0208113 0.0765938 -0.0253108 0.3813870 0.0518639 
1403715529.162143 0.0053140 -0.1822016 -0.0150885 0.0065876 -0.0223539 -0.6984743 0.7152556 -0.1516575 -0.3754690 -0.0492959 -0.0016802 0.0208106 0.0765911 -0.0252698 0.3810113 0.0518587 
1403715529.262143 -0.0104669 -0.2226898 -0.0202098 0.0143286 -0.0367642 -0.7015454 0.7115315 -0.1637798 -0.4223659 -0.0531311 -0.0016797 0.0208091 0.0765856 -0.0251823 0.3802566 0.0518514 
1403715529.362143 -0.0273705 -0.2627755 -0.0238567 0.0228602 -0.0540072 -0.7068789 0.7048992 -0.1741337 -0.3750544 -0.0145370 -0.0016792 0.0208076 0.0765800 -0.0251068 0.3795322 0.0518689 
1403715529.512143 -0.0549923 -0.3111224 -0.0200190 0.0410501 -0.0710998 -0.7144952 0.6948067 -0.1956453 -0.2767780 0.0615647 -0.0016785 0.0208053 0.0765715 -0.0249870 0.3784309 0.0519571 
1403715529.812143 -0.1204743 -0.3774361 0.0138617 0.0641245 -0.0839173 -0.7225073 0.6832490 -0.2434782 -0.2540912 0.1272431 -0.0016774 0.0208007 0.0765541 -0.0245343 0.3763205 0.0522273 
1403715529.962143 -0.1591796 -0.4198467 0.0312701 0.0721590 -0.0852325 -0.7213208 0.6835385 -0.2703676 -0.3192414 0.1073936 -0.0016769 0.0207983 0.0765453 -0.0242652 0.3752552 0.0523666 
1403715530.212143 -0.2335097 -0.5082586 0.0481946 0.0811085 -0.0725260 -0.7316103 0.6729842 -0.3426866 -0.4207967 -0.0002001 -0.0016764 0.0207944 0.0765306 -0.0239781 0.3733025 0.0525796 
1403715530.512143 -0.3617911 -0.6875033 0.0192691 0.0751691 -0.0856119 -0.7284938 0.6755124 -0.5033190 -0.6899564 -0.1528073 -0.0016760 0.0207896 0.0765134 -0.0231558 0.3710401 0.0530843 
1403715531.062143 -0.6672924 -0.9410938 -0.0345815 0.1077875 -0.1401325 -0.7291834 0.6610873 -0.5876476 -0.3542513 -0.0570038 -0.0016768 0.0207806 0.0764842 -0.0215102 0.3666527 0.0549572 
1403715531.212143 -0.7570093 -0.9903437 -0.0371219 0.0945663 -0.1701957 -0.7256616 0.6599287 -0.6134353 -0.3377530 0.0316817 -0.0016772 0.0207782 0.0764766 -0.0208898 0.3654838 0.0556099 
1403715531.662143 -0.9945232 -1.1324647 0.0529224 0.1350026 -0.1599242 -0.7032051 0.6794859 -0.4253219 -0.1138370 0.3414719 -0.0016795 0.0207713 0.0764548 -0.0184620 0.3622912 0.0580292 
1403715532.062143 -1.1310516 -1.1831690 0.1894217 0.1492173 -0.1259503 -0.7219588 0.6638119 -0.2891198 -0.0923071 0.2887443 -0.0016820 0.0207656 0.0764360 -0.0162005 0.3589314 0.0608078 
1403715532.212143 -1.1728181 -1.1943996 0.2269618 0.1505786 -0.1216497 -0.7239718 0.6621120 -0.2681651 -0.0505908 0.2167913 -0.0016830 0.0207635 0.0764291 -0.0153194 0.3576486 0.0619325 
1403715532.362143 -1.2120378 -1.1995157 0.2530363 0.1537077 -0.1303438 -0.7199202 0.6641531 -0.2447496 -0.0127661 0.1385684 -0.0016839 0.0207615 0.0764223 -0.0143460 0.3564625 0.0631183 
1403715532.662143 -1.2638817 -1.1969377 0.2845420 0.1613542 -0.1521755 -0.6950045 0.6839417 -0.0728477 0.0222194 0.0888035 -0.0016858 0.0207579 0.0764093 -0.0121928 0.3544628 0.0658858 
1403715532.812143 -1.2618019 -1.1902604 0.2968725 0.1694791 -0.1551780 -0.6819078 0.6944050 0.1078932 0.0653856 0.0829790 -0.0016868 0.0207562 0.0764030 -0.0110816 0.3534424 0.0674254 
1403715532.962143 -1.2305757 -1.1746740 0.3105951 0.1626821 -0.1504290 -0.6759116 0.7028863 0.3123752 0.1701891 0.1116373 -0.0016877 0.0207545 0.0763968 -0.0099075 0.3524042 0.0690352 
1403715533.062143 -1.1926849 -1.1523303 0.3234033 0.1487816 -0.1415572 -0.6717488 0.7117437 0.4455569 0.2742590 0.1409368 -0.0016884 0.0207534 0.0763927 -0.0090925 0.3517038 0.0701129 
1403715533.212143 -1.1100583 -1.1075632 0.3452716 0.1278621 -0.1074481 -0.6712902 0.7221328 0.6539439 0.2551949 0.1206026 -0.0016894 0.0207520 0.0763867 -0.0080159 0.3505972 0.0718338 
1403715533.362143 -0.9968300 -1.0783844 0.3538757 0.1081763 -0.0705180 -0.6750339 0.7263982 0.8369890 0.1134077 -0.0135332 -0.0016905 0.0207505 0.0763807 -0.0072589 0.3493797 0.0736460 
1403715533.512143 -0.8618930 -1.0743985 0.3419006 0.0831199 -0.0610711 -0.6749435 0.7306249 0.9615754 -0.0601194 -0.1529312 -0.0016915 0.0207490 0.0763747 -0.0065865 0.3480936 0.0754602 
1403715533.662143 -0.7060313 -1.0978682 0.3096707 0.0661585 -0.0682217 -0.6581620 0.7468545 1.1357455 -0.2542694 -0.2724694 -0.0016925 0.0207476 0.0763688 -0.0058708 0.3468609 0.0772379 
1403715533.812143 -0.5194660 -1.1497604 0.2649824 0.0547728 -0.0725848 -0.6501783 0.7543206 1.3521989 -0.4037357 -0.3037678 -0.0016936 0.0207465 0.0763628 -0.0052941 0.3456476 0.0789544 
1403715533.962143 -0.3056599 -1.2027788 0.2239906 0.0455567 -0.0670452 -0.6641573 0.7431854 1.4832016 -0.2784093 -0.2402504 -0.0016947 0.0207454 0.0763567 -0.0049117 0.3444328 0.0805985 
1403715534.062143 -0.1545884 -1.2231487 0.2025667 0.0417657 -0.0634537 -0.6742149 0.7346180 1.5343182 -0.1361462 -0.1863441 -0.0016955 0.0207448 0.0763527 -0.0046663 0.3435851 0.0816581 
1403715534.212143 0.0774730 -1.2317426 0.1804463 0.0378032 -0.0569612 -0.6923669 0.7182997 1.5499868 0.0338756 -0.1050951 -0.0016967 0.0207439 0.0763467 -0.0041820 0.3421906 0.0832451 
1403715534.362143 0.3083831 -1.2162686 0.1704634 0.0354351 -0.0541572 -0.7036309 0.7076122 1.5313853 0.1846430 -0.0283535 -0.0016979 0.0207431 0.0763409 -0.0035791 0.3408638 0.0848757 
1403715534.512143 0.5362232 -1.1770778 0.1721347 0.0272340 -0.0475223 -0.7054450 0.7066451 1.5069604 0.3214296 0.0476357 -0.0016991 0.0207424 0.0763353 -0.0029436 0.3396584 0.0864977 
1403715534.662143 0.7593727 -1.1286487 0.1818124 0.0104469 -0.0334451 -0.7004953 0.7127963 1.4707458 0.3296475 0.0771867 -0.0017006 0.0207417 0.0763300 -0.0023025 0.3384667 0.0881757 
1403715534.962143 1.1817822 -1.0288254 0.2170818 -0.0639989 0.0035024 -0.6825626 0.7280112 1.3397627 0.3098978 0.1827292 -0.0017038 0.0207406 0.0763198 -0.0008402 0.3358632 0.0918374 
1403715535.062143 1.3130377 -0.9986449 0.2388904 -0.0864065 0.0170735 -0.6760562 0.7315671 1.2858883 0.2938833 0.2474554 -0.0017049 0.0207403 0.0763166 -0.0003821 0.3349540 0.0931014 
1403715535.212143 1.5002895 -0.9570397 0.2858844 -0.1163290 0.0234554 -0.6652193 0.7371572 1.2105975 0.2481958 0.3787851 -0.0017066 0.0207398 0.0763119 0.0002702 0.3336217 0.0950048 
1403715535.662143 2.0499132 -0.9185813 0.5586755 -0.1030031 0.0544523 -0.6362891 0.7626018 1.2656466 0.0030924 0.7718159 -0.0017115 0.0207386 0.0762981 0.0021101 0.3301779 0.1000264 
1403715536.062143 2.5455540 -0.9119328 0.8850920 -0.0722592 0.0140079 -0.6834412 0.7262854 1.1845690 -0.0046830 0.8551436 -0.0017154 0.0207376 0.0762858 0.0031321 0.3269461 0.1037157 
1403715536.212143 2.7182379 -0.9189895 1.0194860 -0.0686259 -0.0091151 -0.6930411 0.7175663 1.1193028 -0.0770711 0.9424902 -0.0017170 0.0207374 0.0762813 0.0035770 0.3257220 0.1049070 
1403715536.362143 2.8776379 -0.9421128 1.1677743 -0.0628058 -0.0188384 -0.7065018 0.7046671 1.0051047 -0.2094590 1.0323317 -0.0017186 0.0207372 0.0762770 0.0040021 0.3244913 0.1060895 
1403715536.512143 3.0174906 -0.9799843 1.3296948 -0.0513138 -0.0112182 -0.7255255 0.6861879 0.8415416 -0.2898070 1.1164785 -0.0017203 0.0207372 0.0762726 0.0043446 0.3232221 0.1073387 
1403715536.662143 3.1273883 -1.0278149 1.5014564 -0.0377731 0.0011062 -0.7361478 0.6757650 0.6202191 -0.3479214 1.1652122 -0.0017220 0.0207372 0.0762684 0.0047687 0.3219531 0.1086019 
1403715536.812143 3.2018704 -1.0848722 1.6735955 -0.0116100 0.0205227 -0.7386771 0.6736469 0.3690367 -0.3982152 1.1225112 -0.0017239 0.0207373 0.0762641 0.0052551 0.3207044 0.1098883 
1403715536.962143 3.2390256 -1.1441671 1.8321807 0.0112070 0.0417744 -0.7494460 0.6606512 0.1225239 -0.3910170 0.9706627 -0.0017258 0.0207374 0.0762598 0.0057916 0.3193237 0.1112391 
1403715537.062143 3.2411021 -1.1827182 1.9229144 0.0248427 0.0593315 -0.7566705 0.6506246 -0.0856002 -0.3903875 0.8330063 -0.0017272 0.0207374 0.0762569 0.0061981 0.3183404 0.1121581 
1403715537.212143 3.2035730 -1.2389825 2.0246763 0.0538755 0.0918862 -0.7590972 0.6422039 -0.4158219 -0.3432282 0.5009252 -0.0017292 0.0207376 0.0762526 0.0068144 0.3168308 0.1135218 
1403715537.362143 3.1171452 -1.2827523 2.0705224 0.0762144 0.0982814 -0.7371846 0.6641469 -0.7154926 -0.2289385 0.1007701 -0.0017314 0.0207378 0.0762484 0.0074060 0.3152977 0.1148790 
1403715537.512143 2.9973525 -1.3068226 2.0585989 0.0541101 0.0545345 -0.7067662 0.7032635 -0.8514238 -0.1153153 -0.2413926 -0.0017336 0.0207381 0.0762445 0.0082160 0.3137645 0.1163024 
1403715537.662143 2.8688000 -1.3246393 2.0058383 0.0190839 0.0099915 -0.6870314 0.7263084 -0.8490635 -0.1451401 -0.4258525 -0.0017360 0.0207386 0.0762407 0.0092357 0.3122846 0.1178081 
1403715537.812143 2.7460204 -1.3490260 1.9350971 0.0250951 0.0174553 -0.6774331 0.7349490 -0.7912643 -0.1527090 -0.5236725 -0.0017384 0.0207394 0.0762371 0.0100819 0.3107715 0.1193587 
1403715537.962143 2.6319585 -1.3625033 1.8484233 0.0310606 0.0281977 -0.6773422 0.7344710 -0.7289123 -0.0173190 -0.6396464 -0.0017409 0.0207400 0.0762334 0.0109022 0.3092463 0.1209063 
1403715538.062143 2.5619433 -1.3630026 1.7808891 0.0237460 0.0204259 -0.6743399 0.7377565 -0.6679206 0.0067340 -0.7127462 -0.0017426 0.0207406 0.0762309 0.0115313 0.3082702 0.1219529 
1403715538.212143 2.4704368 -1.3544110 1.6690722 0.0063521 0.0131008 -0.6646311 0.7470298 -0.5511638 0.1341561 -0.7632237 -0.0017453 0.0207415 0.0762274 0.0125164 0.3068462 0.1235955 
1403715538.512143 2.3330409 -1.2728432 1.4386038 -0.0185476 0.0710535 -0.6622360 0.7456882 -0.3865033 0.3355636 -0.8366867 -0.0017509 0.0207439 0.0762204 0.0143786 0.3037322 0.1270652 
1403715538.662143 2.2758971 -1.2166557 1.3023400 -0.0387903 0.1091882 -0.6619947 0.7404973 -0.3843902 0.4048436 -0.9838557 -0.0017538 0.0207452 0.0762171 0.0151437 0.3021034 0.1288083 
1403715538.812143 2.2182146 -1.1489584 1.1465215 -0.0834160 0.1271178 -0.6483558 0.7460011 -0.3938974 0.4766251 -1.0967818 -0.0017567 0.0207465 0.0762140 0.0159988 0.3005373 0.1305627 
1403715539.062143 2.1170931 -1.0099540 0.8672503 -0.1708446 0.1730597 -0.6110448 0.7533171 -0.4236718 0.6900905 -1.0982696 -0.0017616 0.0207489 0.0762092 0.0176028 0.2978517 0.1335162 
1403715539.212143 2.0506366 -0.8936376 0.7066548 -0.2180732 0.2138111 -0.5798684 0.7553023 -0.4621840 0.8603117 -1.0289517 -0.0017645 0.0207505 0.0762066 0.0184664 0.2961748 0.1353460 
1403715539.362143 1.9783563 -0.7527071 0.5575144 -0.2665218 0.2439086 -0.5470248 0.7551414 -0.5004900 0.9967310 -0.9522950 -0.0017674 0.0207520 0.0762041 0.0192900 0.2943418 0.1371623 
1403715539.512143 1.9046278 -0.6145496 0.4175877 -0.3014494 0.2683160 -0.5209185 0.7521827 -0.4873198 0.8154675 -0.9171255 -0.0017701 0.0207535 0.0762017 0.0201257 0.2923923 0.1388420 
1403715539.662143 1.8360933 -0.5162033 0.2794389 -0.3113054 0.2852939 -0.4934502 0.7603968 -0.4246657 0.5109918 -0.9330078 -0.0017726 0.0207550 0.0761992 0.0208881 0.2904907 0.1403265 
1403715539.962143 1.7296438 -0.4330874 -0.0153684 -0.3168876 0.2890738 -0.4807349 0.7647957 -0.2659043 0.0624501 -1.0390445 -0.0017771 0.0207579 0.0761942 0.0223299 0.2868591 0.1429546 
1403715540.062143 1.7078779 -0.4283244 -0.1191943 -0.3205286 0.2727138 -0.4729518 0.7740835 -0.1660053 0.0489851 -1.0228715 -0.0017785 0.0207588 0.0761927 0.0229657 0.2857546 0.1438025 
1403715540.212143 1.6996721 -0.4315280 -0.2715397 -0.3197275 0.2521806 -0.4581705 0.7901007 0.0652372 -0.0563311 -1.0005423 -0.0017806 0.0207604 0.0761904 0.0239769 0.2842055 0.1449924 
1403715540.362143 1.7264236 -0.4415878 -0.4195727 -0.3189845 0.2525234 -0.4679879 0.7845178 0.2761300 -0.0628940 -0.9623097 -0.0017828 0.0207620 0.0761881 0.0246762 0.2826018 0.1461234 
1403715541.512143 2.7823820 -0.4267881 -1.0886041 -0.3240686 0.2818717 -0.4769671 0.7668313 1.3988755 0.1261870 -0.3858809 -0.0017967 0.0207733 0.0761682 0.0266952 0.2720597 0.1518078 
1403715541.862143 3.3009703 -0.4012716 -1.1911289 -0.3614381 0.2671726 -0.5124481 0.7316955 1.5371482 -0.0210454 -0.1419283 -0.0018002 0.0207768 0.0761614 0.0265343 0.2688941 0.1528947 
1403715542.312143 3.9045349 -0.4547908 -1.1056530 -0.3029078 0.2718497 -0.5879249 0.6990629 1.0359694 -0.2482323 0.4638503 -0.0018039 0.0207815 0.0761528 0.0253169 0.2654007 0.1538607 
1403715542.712143 4.2041913 -0.5559718 -0.9158894 -0.1959477 0.2421426 -0.5992051 0.7375125 0.5122439 -0.1759752 0.3903346 -0.0018071 0.0207858 0.0761454 0.0237875 0.2625338 0.1548185 
1403715543.162143 4.3620199 -0.5703418 -0.7712411 -0.1819944 0.2118759 -0.5877295 0.7593159 0.2615580 0.0892867 0.2386502 -0.0018106 0.0207910 0.0761374 0.0222068 0.2586492 0.1563124 
1403715543.562143 4.4445039 -0.5130653 -0.7330306 -0.1824939 0.2279084 -0.5911116 0.7518915 0.1410554 0.1863424 -0.0428594 -0.0018139 0.0207958 0.0761297 0.0207713 0.2545831 0.1575751 
1403715543.962143 4.4343039 -0.4051725 -0.8087556 -0.2250563 0.2732903 -0.6125909 0.7066785 -0.2710212 0.3563970 -0.3025430 -0.0018172 0.0208005 0.0761212 0.0196905 0.2501287 0.1586622 
1403715544.212143 4.3182402 -0.2932591 -0.8796466 -0.2941691 0.3084194 -0.5575078 0.7124093 -0.6276829 0.5710014 -0.2393881 -0.0018193 0.0208035 0.0761159 0.0192414 0.2473351 0.1592922 
1403715544.662143 3.9615106 0.0318483 -0.9463285 -0.3998780 0.4089615 -0.4092648 0.7108800 -0.9000646 0.5396078 -0.1605072 -0.0018228 0.0208094 0.0761063 0.0180968 0.2423248 0.1593517 
1403715545.062143 3.5636262 0.0627617 -1.0672959 -0.4218759 0.4285046 -0.3959616 0.6939877 -1.0995178 -0.1462311 -0.3711162 -0.0018257 0.0208145 0.0760978 0.0173805 0.2386723 0.1585236 
1403715545.512143 3.0541310 0.0726107 -1.1990341 -0.4433006 0.4530464 -0.3357000 0.6968063 -1.1407060 0.0630705 -0.2581319 -0.0018291 0.0208206 0.0760887 0.0168876 0.2356765 0.1566274 
1403715545.962143 2.5564326 0.0947567 -1.3870901 -0.4320947 0.4458773 -0.3423124 0.7052020 -1.0794605 0.0865914 -0.5475830 -0.0018321 0.0208262 0.0760793 0.0152548 0.2337409 0.1535195 
1403715546.362143 2.1326599 0.1180103 -1.6048285 -0.3648253 0.3537527 -0.4528340 0.7326001 -1.0566825 0.0310657 -0.5221437 -0.0018348 0.0208304 0.0760708 0.0133829 0.2327113 0.1499537 
1403715546.762143 1.7144189 0.1177590 -1.8153692 -0.2624587 0.2107285 -0.5569116 0.7593144 -1.0076693 0.0286926 -0.4805075 -0.0018375 0.0208336 0.0760624 0.0119969 0.2317726 0.1457338 
1403715547.162143 1.3592431 0.1031834 -1.9582097 -0.1637588 0.0629435 -0.6435051 0.7450653 -0.7965201 -0.1054051 -0.1812572 -0.0018407 0.0208363 0.0760546 0.0106769 0.2301592 0.1414512 
1403715547.562143 1.0407263 0.0443386 -1.9382429 -0.0684473 -0.0531833 -0.7017540 0.7071265 -0.8323237 -0.1789273 0.2981662 -0.0018441 0.0208382 0.0760478 0.0096150 0.2277392 0.1375943 
1403715547.762143 0.8661188 -0.0025095 -1.8513755 -0.0201821 -0.1084027 -0.7241048 0.6808185 -0.9145637 -0.2895342 0.5692551 -0.0018459 0.0208392 0.0760446 0.0092915 0.2263735 0.1358192 
1403715547.862143 0.7718226 -0.0337242 -1.7872705 0.0056735 -0.1334030 -0.7319435 0.6681543 -0.9716617 -0.3417365 0.7073182 -0.0018468 0.0208397 0.0760430 0.0092028 0.2256862 0.1349927 
1403715548.062143 0.5694259 -0.1131028 -1.6211235 0.0699560 -0.1540681 -0.7374526 0.6538600 -1.0540377 -0.4411868 0.9163989 -0.0018490 0.0208410 0.0760399 0.0092077 0.2243209 0.1335857 
1403715548.312143 0.2986336 -0.2165275 -1.3793579 0.1206363 -0.1382072 -0.7430372 0.6436159 -1.1239333 -0.3505976 0.9986911 -0.0018522 0.0208427 0.0760360 0.0093140 0.2222564 0.1321789 
1403715548.712143 -0.1737870 -0.2911136 -0.9768093 0.1156207 -0.1338069 -0.7340810 0.6556315 -1.2262126 -0.1386228 0.9666631 -0.0018586 0.0208456 0.0760295 0.0097796 0.2177623 0.1308838 
1403715549.162143 -0.7292861 -0.3626387 -0.5542333 0.1340564 -0.1285584 -0.7270846 0.6609459 -1.2322066 -0.1832192 0.8832515 -0.0018672 0.0208491 0.0760215 0.0097953 0.2113821 0.1308488 
1403715549.562143 -1.1837365 -0.4162793 -0.2545390 0.1690308 -0.1495153 -0.7032205 0.6742066 -0.9839790 -0.0696147 0.6225272 -0.0018761 0.0208518 0.0760141 0.0099938 0.2050026 0.1318677 
1403715550.012143 -1.4892888 -0.4725863 0.0309612 0.1120297 -0.1305690 -0.6561797 0.7347308 -0.3254582 -0.1802841 0.6761479 -0.0018879 0.0208553 0.0760056 0.0108465 0.1967295 0.1343073 
1403715550.462143 -1.4377403 -0.6438534 0.3225771 -0.0191031 -0.0141057 -0.6505876 0.7590598 0.4646793 -0.5909794 0.6174766 -0.0019012 0.0208592 0.0759963 0.0118393 0.1869276 0.1379438 
1403715550.862143 -1.2036727 -0.8037315 0.5864989 -0.1135358 0.0960541 -0.5900768 0.7935317 0.7112688 -0.1523155 0.6895727 -0.0019142 0.0208633 0.0759875 0.0127056 0.1769388 0.1411488 
1403715551.212143 -0.8746741 -0.8518929 0.7901366 -0.1944955 0.1900838 -0.5320036 0.8018802 1.1837806 -0.2770336 0.3995297 -0.0019263 0.0208677 0.0759788 0.0131369 0.1675339 0.1435611 
1403715551.662143 -0.2375873 -0.9630110 0.8621656 -0.2904523 0.3234571 -0.4496092 0.7802977 1.5938396 -0.1530564 -0.1068491 -0.0019428 0.0208751 0.0759665 0.0125713 0.1548049 0.1460011 
1403715552.062143 0.3712562 -0.9858480 0.7327295 -0.3711172 0.4530884 -0.4016826 0.7040128 1.3376837 0.0363792 -0.5171518 -0.0019584 0.0208828 0.0759549 0.0113723 0.1425635 0.1471654 
1403715552.412143 0.7488066 -0.9573217 0.5248181 -0.4543343 0.5246850 -0.3407183 0.6341901 0.7876369 0.1178010 -0.6402544 -0.0019719 0.0208905 0.0759447 0.0105318 0.1316798 0.1469753 
1403715552.712143 0.9014108 -0.9221654 0.3353432 -0.5026131 0.5976136 -0.2468287 0.5738586 0.2144003 0.1423411 -0.6069409 -0.0019840 0.0208976 0.0759362 0.0101596 0.1229099 0.1461396 
1403715553.062143 0.8569614 -0.8570314 0.1262357 -0.5385597 0.6635763 -0.0872521 0.5118661 -0.4655574 0.2372913 -0.6160204 -0.0019985 0.0209062 0.0759269 0.0103575 0.1134065 0.1444840 
1403715553.762143 0.1067627 -0.6531084 -0.2684998 -0.6532768 0.6993391 0.0806905 0.2786456 -1.5189713 0.2856257 -0.1711643 -0.0020276 0.0209242 0.0759086 0.0092569 0.0954682 0.1403531 
1403715553.962143 -0.2013850 -0.6097254 -0.2803644 0.6717868 -0.6618352 -0.1386271 -0.3024222 -1.5403578 0.1448009 0.0068537 -0.0020353 0.0209292 0.0759040 0.0092834 0.0907170 0.1395205 
1403715554.162143 -0.5039968 -0.5790619 -0.2794527 0.6610471 -0.6369383 -0.1907082 -0.3477884 -1.4650455 0.1420046 -0.0447955 -0.0020429 0.0209341 0.0758997 0.0095923 0.0865266 0.1389019 
1403715554.412143 -0.8474565 -0.5301806 -0.3362636 0.6803059 -0.5958584 -0.2043857 -0.3746507 -1.2402913 0.2950738 -0.4015743 -0.0020522 0.0209406 0.0758949 0.0096590 0.0816848 0.1383578 
1403715554.662143 -1.0852806 -0.4182022 -0.4369688 0.8031759 -0.4897842 -0.0978173 -0.3247333 -0.5526327 0.5632476 -0.2929760 -0.0020610 0.0209469 0.0758905 0.0094873 0.0770689 0.1380403 
1403715555.062143 -0.8795871 -0.3176236 -0.3823833 0.7967836 -0.5293950 -0.0546172 -0.2861707 1.6043492 -0.3330772 0.6288584 -0.0020745 0.0209577 0.0758852 0.0100990 0.0721742 0.1383176 
1403715555.762143 0.2022071 -0.6125857 0.0716295 -0.6171003 0.6920912 0.1329203 0.3500417 0.9358810 -0.5875934 0.3663351 -0.0020969 0.0209787 0.0758782 0.0090139 0.0663274 0.1395757 
1403715556.162143 0.4350222 -0.8716000 0.1250643 -0.5681360 0.7131364 0.1471009 0.3834310 0.2035991 -0.5075522 -0.0611059 -0.0021089 0.0209913 0.0758748 0.0090993 0.0648242 0.1406460 
1403715556.562143 0.3558334 -1.0167742 0.0342374 -0.6184370 0.6820323 0.1163001 0.3726149 -0.4989346 -0.1117237 -0.2851291 -0.0021204 0.0210038 0.0758713 0.0090605 0.0636059 0.1417581 
1403715557.012143 0.1072595 -0.9498925 -0.0954366 0.6716963 -0.6226009 -0.1104587 -0.3859935 -0.4972368 0.2739457 -0.3457871 -0.0021325 0.0210175 0.0758686 0.0095496 0.0632496 0.1428742 
1403715557.462143 -0.0562079 -0.8121422 -0.3424508 0.6449592 -0.6220388 -0.1510043 -0.4174843 -0.2377422 0.3765817 -0.8415656 -0.0021449 0.0210315 0.0758667 0.0096281 0.0643173 0.1440952 
1403715557.862143 -0.1087251 -0.6342414 -0.7321818 0.6713049 -0.6316404 -0.1166748 -0.3698203 -0.0219097 0.4003561 -1.0417980 -0.0021557 0.0210434 0.0758643 0.0093037 0.0659378 0.1452475 
1403715558.262143 -0.0877153 -0.5566317 -1.1856612 0.6715305 -0.6326422 -0.1343362 -0.3616136 0.1156779 0.1008682 -1.2049970 -0.0021666 0.0210552 0.0758611 0.0091762 0.0688181 0.1465609 
1403715558.612143 -0.0129489 -0.4998147 -1.5901378 0.6812834 -0.6516435 -0.0933757 -0.3201478 0.2676273 0.2952714 -1.0122698 -0.0021762 0.0210652 0.0758575 0.0091819 0.0721820 0.1477023 
1403715559.012143 0.0919618 -0.3641004 -1.8999291 0.6880804 -0.6406110 -0.0526468 -0.3367362 0.2663388 0.2342121 -0.5491640 -0.0021875 0.0210762 0.0758530 0.0096034 0.0770206 0.1490103 
1403715559.462143 0.2327777 -0.3186043 -2.0158207 0.6790039 -0.6063570 0.0318464 -0.4126388 0.3366370 0.0497191 0.0335466 -0.0022011 0.0210875 0.0758486 0.0102072 0.0835196 0.1504556 
1403715559.862143 0.3923389 -0.2398096 -1.9283653 0.6517548 -0.5820604 0.0513987 -0.4835074 0.4765903 0.2524533 0.3283449 -0.0022139 0.0210970 0.0758456 0.0104955 0.0897659 0.1515951 
1403715560.312143 0.6838422 -0.1891151 -1.7385625 -0.6185241 0.5474159 -0.1244128 0.5498046 0.8261817 -0.1446848 0.4645530 -0.0022293 0.0211066 0.0758435 0.0108027 0.0975382 0.1522968 
1403715560.712143 1.0423436 -0.2575584 -1.5491772 -0.5705113 0.5199116 -0.1943489 0.6053406 0.9650108 -0.1917809 0.4908151 -0.0022435 0.0211151 0.0758419 0.0106476 0.1047215 0.1517865 
1403715561.162143 1.5029256 -0.3455796 -1.3018916 -0.5188710 0.4567252 -0.2979879 0.6583147 1.0809319 -0.2119992 0.6215323 -0.0022603 0.0211237 0.0758404 0.0101278 0.1133520 0.1501957 
1403715561.562143 1.9491146 -0.4249109 -1.0631457 -0.4468976 0.4328257 -0.3451118 0.7027392 1.1310200 -0.1938582 0.5206849 -0.0022764 0.0211313 0.0758389 0.0094443 0.1210489 0.1479701 
1403715562.012143 2.4289042 -0.5209241 -0.8213163 -0.3918892 0.4019409 -0.4524362 0.6929415 0.9045154 -0.2503183 0.5637983 -0.0022945 0.0211391 0.0758371 0.0070561 0.1289067 0.1443937 
1403715562.462143 2.6839263 -0.6343785 -0.5734286 -0.3887227 0.3640725 -0.5037676 0.6801207 0.2035716 -0.2693293 0.6202304 -0.0023131 0.0211452 0.0758350 0.0052217 0.1355760 0.1396918 
1403715563.312143 2.6006094 -0.9621897 0.2003725 -0.2517598 0.2741591 -0.5605211 0.7397770 -0.2725153 -0.3828183 0.9459863 -0.0023471 0.0211550 0.0758294 0.0017140 0.1446500 0.1281436 
1403715563.712143 2.4267602 -1.0525580 0.5497588 -0.1308195 0.1746788 -0.6599973 0.7188722 -0.6094745 -0.0018745 0.8095080 -0.0023624 0.0211574 0.0758254 -0.0016840 0.1468348 0.1212849 
1403715564.062143 2.1510582 -0.9816004 0.8013072 -0.0105448 0.0773539 -0.6795564 0.7294575 -0.9144240 0.3519735 0.5633351 -0.0023753 0.0211582 0.0758221 -0.0043917 0.1470233 0.1153439 
1403715564.262143 1.9717872 -0.9086654 0.8864476 0.0548848 0.0052354 -0.6813824 0.7298481 -0.8526535 0.3399828 0.2934570 -0.0023825 0.0211583 0.0758204 -0.0059258 0.1465873 0.1120872 
1403715564.462143 1.8149891 -0.8572344 0.9161528 0.1078807 -0.0771221 -0.7054135 0.6962799 -0.7178820 0.1504278 0.0213673 -0.0023893 0.0211580 0.0758189 -0.0073848 0.1456714 0.1090547 
1403715564.712143 1.6513644 -0.8626907 0.8886817 0.1736689 -0.1753207 -0.7337390 0.6330315 -0.6065680 -0.1873576 -0.2060163 -0.0023975 0.0211570 0.0758173 -0.0087877 0.1438620 0.1056895 
1403715565.162143 1.3716388 -1.0564179 0.7245246 0.3210464 -0.2907247 -0.7355310 0.5209630 -0.6317372 -0.5022022 -0.5191034 -0.0024102 0.0211540 0.0758154 -0.0101443 0.1391174 0.1015364 
1403715565.512143 1.1629518 -1.1568732 0.5439077 -0.4247958 0.3746275 0.6843126 -0.4592593 -0.5159758 -0.0603690 -0.5100136 -0.0024192 0.0211514 0.0758145 -0.0111180 0.1344272 0.0994715 
1403715565.712143 1.0807127 -1.1695734 0.4325908 -0.4792601 0.4218115 0.6540911 -0.4056473 -0.3016918 -0.0893247 -0.6073330 -0.0024239 0.0211497 0.0758141 -0.0117974 0.1313475 0.0987240 
1403715565.912143 1.0452644 -1.1890273 0.3045015 -0.5265167 0.4803917 0.6218810 -0.3244502 -0.0559659 -0.1206734 -0.6660297 -0.0024280 0.0211478 0.0758139 -0.0124003 0.1281579 0.0984795 
1403715566.212143 1.0661648 -1.2216865 0.1137647 0.5999786 -0.5546162 -0.5442721 0.1902482 0.1999968 -0.0954578 -0.5819692 -0.0024332 0.0211451 0.0758141 -0.0131011 0.1236307 0.0990759 
1403715566.662143 1.2386189 -1.2214043 -0.0850925 0.6725383 -0.6203264 -0.4034685 0.0100260 0.5523209 0.1880203 -0.2652307 -0.0024385 0.0211417 0.0758151 -0.0137551 0.1175565 0.1010806 
1403715566.862143 1.3682020 -1.1849577 -0.1249870 0.6895080 -0.6385528 -0.3339353 -0.0729133 0.7382128 0.1502816 -0.1312417 -0.0024403 0.0211405 0.0758156 -0.0140421 0.1150544 0.1020502 
1403715566.962143 1.4459631 -1.1725500 -0.1351520 0.6943546 -0.6475694 -0.2913201 -0.1168685 0.8087098 0.1240500 -0.0573553 -0.0024417 0.0211399 0.0758154 -0.0139232 0.1153430 0.1031617 
1403715567.162143 1.6183186 -1.1521725 -0.1290743 0.6860209 -0.6626437 -0.2036267 -0.2209406 0.8843025 0.0711209 0.1072942 -0.0024438 0.0211388 0.0758148 -0.0136756 0.1163829 0.1054393 
1403715567.462143 1.8766448 -1.1268244 -0.0653217 0.6632421 -0.6353567 -0.0633876 -0.3904021 0.8444580 0.1612309 0.3093322 -0.0024463 0.0211369 0.0758136 -0.0130839 0.1192748 0.1087829 
1403715567.812143 2.1654984 -1.0280071 0.0801205 -0.6125234 0.5763701 -0.1144547 0.5286896 0.7979551 0.3116263 0.4910759 -0.0024479 0.0211351 0.0758114 -0.0121311 0.1238417 0.1121168 
1403715568.062143 2.3596102 -0.9584550 0.2141908 -0.5591752 0.5243298 -0.2401104 0.5956075 0.7442553 0.2197632 0.5857975 -0.0024492 0.0211338 0.0758097 -0.0115486 0.1275488 0.1139998 
1403715568.512143 2.6275469 -0.8979017 0.5328737 -0.4269796 0.4198658 -0.4204065 0.6816594 0.4173335 0.0369437 0.7794493 -0.0024522 0.0211312 0.0758074 -0.0109528 0.1343673 0.1156724 
1403715568.962143 2.7166713 -0.9384580 0.8894399 -0.2897053 0.2773357 -0.5519787 0.7310782 0.0090292 -0.1578459 0.7865281 -0.0024541 0.0211295 0.0758058 -0.0108597 0.1407562 0.1156554 
1403715569.362143 2.6738678 -1.0061525 1.2019133 -0.1770586 0.1807736 -0.6168111 0.7453289 -0.1945502 -0.1832208 0.7486311 -0.0024549 0.0211296 0.0758037 -0.0114724 0.1459831 0.1139747 
1403715569.812143 2.5191968 -1.0825965 1.4860922 -0.0789424 0.1003690 -0.6754836 0.7262342 -0.5096991 -0.1595274 0.5024349 -0.0024544 0.0211299 0.0758002 -0.0127134 0.1511822 0.1109598 
1403715570.362143 2.1509562 -1.1418505 1.6574902 0.1019450 -0.0492482 -0.7264017 0.6778809 -0.7955467 0.0072157 0.0819952 -0.0024538 0.0211300 0.0757963 -0.0153292 0.1559332 0.1039202 
1403715570.462143 2.0702847 -1.1388751 1.6603165 0.1402051 -0.0795429 -0.7312073 0.6628358 -0.8083298 0.0464970 -0.0243793 -0.0024536 0.0211303 0.0757959 -0.0160341 0.1565640 0.1020263 
1403715570.562143 1.9894199 -1.1311144 1.6524734 0.1793399 -0.1100574 -0.7352114 0.6443514 -0.8036104 0.1171864 -0.1407546 -0.0024531 0.0211306 0.0757956 -0.0168861 0.1569991 0.0997891 
1403715570.662143 1.9096439 -1.1153264 1.6330132 0.2136125 -0.1458306 -0.7379479 0.6233266 -0.7779222 0.2018614 -0.2485442 -0.0024525 0.0211310 0.0757953 -0.0177427 0.1572380 0.0975023 
1403715571.062143 1.6099365 -1.0167795 1.4712353 0.3247473 -0.2941364 -0.7287063 0.5263175 -0.6978205 0.2961401 -0.5131896 -0.0024513 0.0211336 0.0757933 -0.0202620 0.1569256 0.0888830 
1403715571.812143 1.2530565 -0.7445401 1.0351195 0.3019941 -0.4221554 -0.6758743 0.5232384 -0.2952793 0.5504934 -0.4081976 -0.0024456 0.0211393 0.0757891 -0.0256573 0.1517174 0.0743061 
1403715572.212143 1.1030655 -0.6243806 1.0766131 -0.2509378 0.4401006 0.7183423 -0.4767872 -0.5926352 -0.0002820 0.5966004 -0.0024412 0.0211420 0.0757864 -0.0283414 0.1472819 0.0675589 
1403715572.612143 0.7569879 -0.6271149 1.3195551 -0.4228445 0.3659197 0.7217677 -0.4078684 -0.9782192 0.0784524 0.4456668 -0.0024355 0.0211435 0.0757811 -0.0306892 0.1415494 0.0612968 
1403715573.012143 0.3811434 -0.6094652 1.3828886 -0.4890227 0.4442983 0.6706614 -0.3371484 -0.8856699 -0.1054273 -0.1325879 -0.0024297 0.0211432 0.0757762 -0.0326271 0.1346670 0.0558599 
1403715573.462143 0.0310363 -0.6852457 1.2622543 -0.5407306 0.5420389 0.5957770 -0.2425985 -0.6933807 -0.1289068 -0.2774885 -0.0024233 0.0211396 0.0757711 -0.0340929 0.1254077 0.0504446 
1403715573.862143 -0.2475138 -0.7480983 1.1715391 -0.5782548 0.5848645 0.5560266 -0.1199555 -0.7222601 -0.1592561 -0.2258880 -0.0024203 0.0211365 0.0757672 -0.0347424 0.1166673 0.0461238 
1403715574.212143 -0.5255205 -0.7928641 1.0543343 -0.6102049 0.6234501 0.4888085 0.0051236 -0.8894919 -0.1022725 -0.4526830 -0.0024176 0.0211344 0.0757634 -0.0354875 0.1086595 0.0422675 
1403715574.512143 -0.7941013 -0.8132647 0.9006598 0.6833356 -0.6013483 -0.4075817 -0.0728681 -0.8230341 0.0055074 -0.5628295 -0.0024148 0.0211327 0.0757596 -0.0364024 0.1022491 0.0390453 
1403715574.962143 -1.0544948 -0.7722516 0.5832899 0.6772738 -0.6268289 -0.3643232 -0.1251171 -0.3712074 0.1211264 -0.8554442 -0.0024099 0.0211322 0.0757558 -0.0371498 0.0938808 0.0342840 
1403715575.362143 -1.1605607 -0.7382328 0.2386945 0.6971680 -0.6299307 -0.3322020 -0.0823770 -0.1063073 0.1130257 -0.7568030 -0.0024064 0.0211327 0.0757528 -0.0377567 0.0871915 0.0302656 
1403715575.812143 -1.1036994 -0.7220843 -0.0903751 0.7208636 -0.5827641 -0.3683288 -0.0712427 0.4431580 0.0471801 -0.7415626 -0.0024025 0.0211340 0.0757495 -0.0378982 0.0805692 0.0264178 
1403715576.212143 -0.8129725 -0.6897831 -0.3891908 0.6779695 -0.6299774 -0.3732937 -0.0643239 0.9023279 0.1205331 -0.7306086 -0.0023991 0.0211351 0.0757471 -0.0379597 0.0759295 0.0232841 
1403715576.662143 -0.3625949 -0.6778525 -0.6817136 0.6989880 -0.6320839 -0.3335642 -0.0249129 1.1440831 -0.0416152 -0.4530900 -0.0023959 0.0211370 0.0757464 -0.0383298 0.0722641 0.0195881 
1403715577.062143 0.1616239 -0.7196486 -0.7849799 0.6672979 -0.6318290 -0.3936280 -0.0237189 1.4339022 -0.1362763 -0.1393274 -0.0023939 0.0211393 0.0757475 -0.0390796 0.0699536 0.0162692 
1403715577.512143 0.7962119 -0.6773111 -0.7785987 0.6452063 -0.6366911 -0.4222054 0.0087108 1.3770163 0.2971856 0.1619310 -0.0023926 0.0211426 0.0757490 -0.0402876 0.0682474 0.0127929 
1403715577.962143 1.3921490 -0.6338676 -0.6958259 -0.6202483 0.6546811 0.4312586 -0.0264709 1.2194949 0.1561499 0.3316785 -0.0023927 0.0211450 0.0757513 -0.0417479 0.0677172 0.0094475 
1403715578.262143 1.7135558 -0.5453498 -0.5493692 -0.5543877 0.6760406 0.4806265 -0.0679825 0.8310088 0.3160982 0.6003387 -0.0023925 0.0211469 0.0757530 -0.0426849 0.0677527 0.0073832 
1403715578.462143 1.8483980 -0.4870581 -0.4132939 -0.5483544 0.6414176 0.5238555 -0.1160443 0.5378165 0.2674003 0.7314250 -0.0023928 0.0211477 0.0757540 -0.0434490 0.0674584 0.0060297 
1403715578.612143 1.9163848 -0.4432971 -0.3001376 -0.5333813 0.6051744 0.5779628 -0.1233990 0.3695537 0.3028057 0.7540617 -0.0023928 0.0211481 0.0757546 -0.0439098 0.0675117 0.0047373 
1403715578.712143 1.9463345 -0.4120718 -0.2281877 -0.5144393 0.5882449 0.6132561 -0.1150522 0.2143102 0.3115774 0.6713211 -0.0023926 0.0211483 0.0757550 -0.0442979 0.0676072 0.0037382 
1403715578.862143 1.9556520 -0.3663977 -0.1432875 -0.4952790 0.5769708 0.6393134 -0.1143756 -0.1009095 0.3032174 0.4542633 -0.0023923 0.0211487 0.0757564 -0.0448036 0.0682337 0.0020100 
1403715579.162143 1.8417261 -0.2950874 -0.0926463 -0.5672592 0.5106760 0.6314218 -0.1368703 -0.5328158 0.1512851 -0.1688153 -0.0023915 0.0211494 0.0757586 -0.0455285 0.0694880 -0.0012955 
1403715579.312143 1.7647106 -0.2712577 -0.1443206 -0.6061745 0.4784086 0.6180120 -0.1474412 -0.4626984 0.2084492 -0.5008917 -0.0023911 0.0211494 0.0757597 -0.0458515 0.0701664 -0.0028287 
1403715579.412143 1.7219874 -0.2457690 -0.2036941 -0.6085014 0.4770467 0.6159634 -0.1508030 -0.3892511 0.3013375 -0.6787183 -0.0023907 0.0211494 0.0757604 -0.0460281 0.0705914 -0.0038281 
1403715579.612143 1.6600341 -0.1726706 -0.3763226 -0.5865343 0.5048833 0.6137900 -0.1559878 -0.2615899 0.3913927 -1.0367327 -0.0023892 0.0211495 0.0757614 -0.0464058 0.0715145 -0.0057732 
1403715579.962143 1.5958990 -0.0506161 -0.8175377 0.5920343 -0.5185022 -0.5920018 0.1737374 -0.0878830 0.2800162 -1.4381470 -0.0023868 0.0211495 0.0757624 -0.0477312 0.0734421 -0.0091711 
1403715580.312143 1.5856232 0.1108039 -1.3188421 -0.5492774 0.5164938 0.6078337 -0.2491319 0.0402437 0.6038444 -1.4140192 -0.0023850 0.0211495 0.0757638 -0.0491924 0.0751536 -0.0120474 
1403715580.712143 1.6257476 0.3355675 -1.8594428 -0.4661884 0.5264625 0.6212449 -0.3457750 0.1228473 0.5057935 -1.2041701 -0.0023827 0.0211494 0.0757668 -0.0510744 0.0765675 -0.0145289 
1403715581.162143 1.6323287 0.4702724 -2.2231499 -0.3994698 0.5600748 0.6283798 -0.3631513 -0.1817045 0.0280116 -0.3233033 -0.0023806 0.0211487 0.0757716 -0.0526119 0.0774222 -0.0162619 
1403715581.562143 1.4892587 0.4417822 -2.2372820 -0.4680052 0.5227415 0.6369881 -0.3193096 -0.4861159 -0.0519871 0.1930950 -0.0023778 0.0211485 0.0757744 -0.0542297 0.0768692 -0.0174254 
1403715581.862143 1.3338148 0.4599302 -2.1718812 -0.5507679 0.5056459 0.6268802 -0.2190847 -0.5184838 0.0366962 0.1185569 -0.0023752 0.0211480 0.0757773 -0.0553978 0.0763053 -0.0186224 
1403715582.012143 1.2589832 0.4561600 -2.1691675 -0.5742972 0.5291052 0.5965587 -0.1853326 -0.4775062 -0.1072500 -0.0849281 -0.0023735 0.0211480 0.0757775 -0.0558339 0.0762193 -0.0193213 
1403715582.462143 1.1017720 0.4543045 -2.2036913 0.6045038 -0.5652325 -0.5448201 0.1351241 -0.2205611 0.1369263 -0.0464480 -0.0023701 0.0211481 0.0757796 -0.0574784 0.0753129 -0.0211088 
1403715582.862143 1.0150013 0.4652003 -2.2880819 -0.5711287 0.5688008 0.5801711 -0.1169577 -0.2591422 0.1124266 -0.3162547 -0.0023682 0.0211476 0.0757804 -0.0577867 0.0743341 -0.0221353 
1403715583.162143 0.9044518 0.5573345 -2.4032781 -0.5553404 0.5664363 0.5960083 -0.1245838 -0.5126253 0.3937231 -0.5039578 -0.0023672 0.0211475 0.0757855 -0.0578383 0.0738132 -0.0227971 
1403715583.412143 0.7695073 0.6594036 -2.5378670 0.5911939 -0.5689231 -0.5400534 0.1875063 -0.5252735 0.4282318 -0.5266475 -0.0023669 0.0211480 0.0757891 -0.0579874 0.0735440 -0.0234498 
1403715583.612143 0.6833963 0.7402529 -2.6301516 0.6210018 -0.5647981 -0.4945165 0.2254181 -0.2974192 0.3523347 -0.3670444 -0.0023674 0.0211480 0.0757925 -0.0585028 0.0732571 -0.0240820 
1403715583.862143 0.6846897 0.8121712 -2.6743138 0.6713028 -0.5393724 -0.4309696 0.2696205 0.4030924 0.1420943 0.0302410 -0.0023672 0.0211475 0.0757955 -0.0595045 0.0725835 -0.0250842 
1403715584.312143 1.1993957 0.6458537 -2.4642204 -0.5809500 0.6093430 0.4997341 -0.2036271 1.5615214 -0.7067632 0.8617476 -0.0023659 0.0211448 0.0758006 -0.0615174 0.0714838 -0.0267710 
1403715584.712143 1.7675942 0.4360107 -2.0402255 -0.5436302 0.6037217 0.5668199 -0.1367533 1.1726808 -0.5097065 1.1208004 -0.0023640 0.0211428 0.0758065 -0.0630843 0.0705237 -0.0280339 
1403715585.162143 2.1783270 0.2301393 -1.6232381 -0.5289081 0.5690790 0.6229425 -0.0913672 0.6256081 -0.3638576 0.6451212 -0.0023592 0.0211389 0.0758143 -0.0642836 0.0699493 -0.0296033 
1403715585.562143 2.2917397 0.0991054 -1.4960764 -0.5653666 0.5610296 0.5936425 -0.1148694 0.0587732 -0.2326874 0.0646344 -0.0023535 0.0211356 0.0758202 -0.0651100 0.0699376 -0.0311484 
1403715586.012143 2.2810555 0.1376838 -1.5129582 -0.5517305 0.5949798 0.5688790 -0.1340488 -0.1258656 0.3549572 -0.0878577 -0.0023489 0.0211309 0.0758237 -0.0659042 0.0701461 -0.0332364 
1403715586.462143 2.1684636 0.1713150 -1.5474374 0.6152639 -0.5534747 -0.5341430 0.1726482 -0.1951507 0.0014906 -0.0182833 -0.0023451 0.0211269 0.0758230 -0.0662451 0.0712348 -0.0358654 
1403715587.312143 2.2804716 0.1461750 -1.5680096 0.5929367 -0.5663386 -0.5479704 0.1655750 0.2136943 -0.1425882 -0.0808514 -0.0023434 0.0211172 0.0758177 -0.0653010 0.0767515 -0.0423334 
1403715587.712143 2.3832293 0.0845300 -1.5643448 -0.5534319 0.6041620 0.5394090 -0.1942659 0.2436578 -0.2136438 0.1778955 -0.0023428 0.0211105 0.0758129 -0.0645579 0.0820051 -0.0450657 
1403715587.912143 2.4210879 0.0315688 -1.5083178 -0.5274084 0.5852191 0.5682247 -0.2376546 0.1395706 -0.3087047 0.3681483 -0.0023434 0.0211068 0.0758091 -0.0644864 0.0848695 -0.0461080 
1403715588.112143 2.4480004 -0.0320846 -1.4183119 -0.5207022 0.5290794 0.5989753 -0.3002878 0.1575207 -0.2719663 0.5361837 -0.0023437 0.0211035 0.0758053 -0.0646671 0.0879760 -0.0470402 
1403715588.412143 2.5201971 -0.0285667 -1.2137451 -0.4855738 0.4570072 0.6328901 -0.3934624 0.3710331 0.1623260 0.7726189 -0.0023453 0.0210985 0.0758008 -0.0657253 0.0930205 -0.0480066 
1403715588.512143 2.5625707 -0.0131454 -1.1356745 -0.4676852 0.4378718 0.6445079 -0.4173109 0.4757495 0.1492753 0.7855574 -0.0023459 0.0210964 0.0757997 -0.0661828 0.0945976 -0.0483177 
1403715588.812143 2.7396884 0.0284945 -0.8960054 -0.3877704 0.3985216 0.6899885 -0.4633903 0.6661206 0.1477280 0.8171992 -0.0023474 0.0210907 0.0757973 -0.0674230 0.0982564 -0.0491927 
1403715589.162143 2.9357906 0.0643949 -0.6024344 -0.2687076 0.3619685 0.7499526 -0.4840930 0.3287766 -0.0836235 0.8392788 -0.0023506 0.0210857 0.0757958 -0.0687910 0.1013040 -0.0498712 
1403715589.562143 2.9362818 -0.0744282 -0.2523488 0.1847574 -0.3257583 -0.7656953 0.5229311 -0.3388274 -0.5276917 0.9922324 -0.0023528 0.0210810 0.0757935 -0.0699728 0.1028331 -0.0505179 
1403715590.012143 2.5932212 -0.4865360 0.2425677 0.2514167 -0.2549982 -0.7427741 0.5657316 -0.9975515 -1.0085307 1.1221397 -0.0023554 0.0210778 0.0757921 -0.0707942 0.1028957 -0.0508268 
1403715590.462143 2.1272362 -0.8736648 0.7009283 0.2837390 -0.2650931 -0.7629395 0.5168570 -1.1593970 -0.7720368 0.8552709 -0.0023604 0.0210763 0.0757921 -0.0707831 0.1011266 -0.0500759 
1403715590.862143 1.5969502 -1.1431585 0.9633245 -0.3607150 0.3615516 0.7361390 -0.4441446 -1.4646677 -0.6095847 0.4724103 -0.0023660 0.0210766 0.0757929 -0.0707031 0.0979630 -0.0482752 
1403715591.312143 0.9245262 -1.3709319 1.1185199 -0.4793943 0.4524296 0.6888474 -0.3016252 -1.5165318 -0.4087129 0.1804148 -0.0023722 0.0210791 0.0757919 -0.0693152 0.0935095 -0.0450929 
1403715591.662143 0.3934873 -1.4670188 1.1177267 -0.5511359 0.5174395 0.6286135 -0.1826216 -1.5194657 -0.0560023 -0.1456373 -0.0023766 0.0210825 0.0757906 -0.0671381 0.0901288 -0.0417969 
1403715592.012143 -0.1301460 -1.3897655 1.0390764 0.6171337 -0.5440768 -0.5623897 0.0827305 -1.4349522 0.5008114 -0.3303250 -0.0023815 0.0210852 0.0757896 -0.0646921 0.0875111 -0.0369118 
1403715592.412143 -0.6129171 -1.1829234 0.7811556 0.6966295 -0.5541331 -0.4546711 -0.0302979 -0.8682432 0.4067187 -0.9968950 -0.0023869 0.0210872 0.0757888 -0.0621259 0.0856478 -0.0298788 
1403715592.812143 -0.7868664 -1.0080288 0.3048109 0.7381482 -0.5642846 -0.3369078 -0.1523587 0.0285533 0.4961827 -1.3375025 -0.0023894 0.0210916 0.0757866 -0.0590382 0.0856611 -0.0217730 
1403715593.212143 -0.6656035 -0.8041720 -0.2489017 0.6762731 -0.6526368 -0.2052046 -0.2731501 0.4119792 0.5149900 -1.3749079 -0.0023895 0.0210971 0.0757819 -0.0561958 0.0871189 -0.0134237 
1403715593.662143 -0.4378899 -0.5802521 -0.8328492 0.6975206 -0.6034742 -0.0538425 -0.3826028 0.6848108 0.4412222 -1.1694555 -0.0023891 0.0211027 0.0757759 -0.0533981 0.0900335 -0.0045612 
1403715594.062143 -0.1152840 -0.4321635 -1.1967747 0.6633364 -0.5714746 0.0833656 -0.4758695 0.8986879 0.2834909 -0.6445233 -0.0023877 0.0211061 0.0757721 -0.0505612 0.0947227 0.0023113 
1403715594.512143 0.3390379 -0.3496126 -1.3915793 -0.6056260 0.5069544 -0.2109741 0.5759377 1.1236349 0.0841613 -0.2130606 -0.0023848 0.0211086 0.0757696 -0.0478707 0.1016089 0.0090039 
1403715594.912143 0.8195495 -0.3312659 -1.3699635 -0.5243446 0.4150815 -0.3036279 0.6786606 1.3185067 0.0002981 0.2504113 -0.0023814 0.0211098 0.0757696 -0.0456135 0.1090693 0.0141749 
1403715595.312143 1.4252126 -0.3439845 -1.2364089 -0.4136952 0.3436562 -0.4046796 0.7395885 1.6925773 -0.0348166 0.3951426 -0.0023782 0.0211116 0.0757709 -0.0436716 0.1175710 0.0182721 
1403715595.712143 2.0978879 -0.3540861 -1.0710421 -0.2999251 0.2853195 -0.5598224 0.7177999 1.5724008 -0.0753325 0.4255312 -0.0023746 0.0211126 0.0757726 -0.0424165 0.1264026 0.0212359 
1403715596.112143 2.5381980 -0.4234223 -0.9002427 -0.1513290 0.2905377 -0.6803330 0.6556176 0.4431458 -0.2835019 0.2718752 -0.0023707 0.0211119 0.0757765 -0.0413949 0.1352833 0.0236546 
1403715596.512143 2.4536671 -0.5293969 -0.8947236 -0.1963536 0.1340527 -0.6469418 0.7245285 -0.6289685 -0.3126078 -0.0568057 -0.0023693 0.0211116 0.0757827 -0.0398909 0.1446990 0.0255445 
1403715596.962143 2.1866341 -0.7283023 -0.7664065 -0.1980000 -0.0164805 -0.6290331 0.7515595 -0.4526455 -0.5583140 0.7452865 -0.0023683 0.0211132 0.0757894 -0.0386464 0.1554044 0.0268452 
1403715597.362143 2.0865282 -1.0151908 -0.2785505 -0.1099655 0.0106646 -0.6410257 0.7595261 -0.0863814 -0.8105425 1.5749950 -0.0023687 0.0211161 0.0757926 -0.0386561 0.1641703 0.0279518 
1403715597.812143 2.0834101 -1.3458652 0.4328749 0.0111865 -0.0044654 -0.6837860 0.7295831 0.0603827 -0.6153334 1.5059274 -0.0023691 0.0211193 0.0757923 -0.0388060 0.1733243 0.0283916 
1403715598.162143 2.1263754 -1.5510997 0.9197186 0.0512432 -0.0062922 -0.7017243 0.7105755 0.1569305 -0.4812451 1.2808782 -0.0023688 0.0211218 0.0757898 -0.0390218 0.1805071 0.0277268 
1403715598.562143 2.1815091 -1.6397400 1.3376039 0.1163744 0.0566680 -0.6844739 0.7174546 0.1476985 -0.0250217 0.6297514 -0.0023685 0.0211228 0.0757870 -0.0400281 0.1880702 0.0260583 
1403715598.962143 2.2570376 -1.5612979 1.4296127 0.0438711 0.0037515 -0.6997789 0.7130012 0.2005414 0.3588394 -0.0274719 -0.0023675 0.0211229 0.0757842 -0.0408086 0.1952761 0.0239142 
1403715599.362143 2.3220988 -1.3845361 1.3883516 0.0261187 -0.0213129 -0.6884319 0.7245172 0.1553756 0.5361139 -0.1590438 -0.0023642 0.0211222 0.0757809 -0.0412647 0.2025551 0.0213190 
1403715600.512143 2.7267329 -0.7345855 1.0529051 0.0617085 -0.0886294 -0.7611950 0.6394678 -0.0651878 0.5811433 -0.3981949 -0.0023472 0.0211151 0.0757793 -0.0446089 0.2218562 0.0128174 
1403715600.762143 2.6784244 -0.6190150 0.9575737 0.1213390 -0.1819049 -0.7472282 0.6275648 -0.2916054 0.2739856 -0.3588890 -0.0023432 0.0211130 0.0757814 -0.0449320 0.2262289 0.0115727 
1403715601.162143 2.5122356 -0.6179522 0.8259820 0.2198310 -0.2447388 -0.7512619 0.5721738 -0.5130564 -0.2486933 -0.3292336 -0.0023382 0.0211105 0.0757865 -0.0454776 0.2331826 0.0111233 
1403715601.562143 2.2618277 -0.7465287 0.6766158 0.2429725 -0.2482797 -0.7544425 0.5569003 -0.7397690 -0.2677407 -0.3884208 -0.0023348 0.0211076 0.0757923 -0.0456897 0.2403098 0.0117271 
1403715602.012143 1.8984891 -0.8545896 0.4927374 0.2623341 -0.2185405 -0.7354106 0.5853137 -0.8172601 -0.1983775 -0.4517662 -0.0023338 0.0211040 0.0758001 -0.0457883 0.2482057 0.0136914 
1403715602.462143 1.5963632 -0.8598002 0.2276616 0.1887635 -0.1618532 -0.7267729 0.6402914 -0.5184488 0.1011295 -0.7285449 -0.0023358 0.0211008 0.0758084 -0.0464744 0.2553804 0.0161387 
1403715602.862143 1.3954096 -0.7687970 -0.0540968 0.0903929 -0.0994945 -0.7333566 0.6664219 -0.5473810 0.4622180 -0.6216568 -0.0023402 0.0210982 0.0758171 -0.0469679 0.2609307 0.0188986 
1403715603.212143 1.1827488 -0.5624047 -0.2467177 0.0217130 -0.0420547 -0.7172155 0.6952423 -0.6653952 0.6242568 -0.5065479 -0.0023444 0.0210961 0.0758240 -0.0470431 0.2649704 0.0216209 
1403715603.662143 0.8544638 -0.3275241 -0.4426481 -0.0232415 -0.0165567 -0.6756876 0.7366355 -0.7264654 0.4219423 -0.3580384 -0.0023500 0.0210939 0.0758317 -0.0469991 0.2697390 0.0248698 
1403715604.012143 0.6555644 -0.2362075 -0.5570712 -0.0366358 -0.0367781 -0.6463210 0.7612978 -0.3647267 0.0915672 -0.2743394 -0.0023546 0.0210921 0.0758368 -0.0470507 0.2729741 0.0269755 
1403715604.462143 0.5512408 -0.2099037 -0.5949947 -0.0436994 -0.0177137 -0.6853522 0.7266835 -0.1924783 0.0541547 0.0856862 -0.0023592 0.0210903 0.0758418 -0.0471973 0.2762689 0.0290199 
1403715604.862143 0.4734249 -0.1955415 -0.5340751 -0.0249082 0.0049416 -0.6893960 0.7239394 -0.2183809 0.0140647 0.1827108 -0.0023624 0.0210888 0.0758450 -0.0473154 0.2786248 0.0305706 
1403715605.212143 0.3917530 -0.2046194 -0.4682198 -0.0242184 0.0019540 -0.6915001 0.7219677 -0.2485295 -0.0782044 0.2028611 -0.0023644 0.0210880 0.0758469 -0.0474103 0.2801718 0.0315711 
1403715605.662143 0.2868693 -0.2079486 -0.3597834 -0.0119373 -0.0097504 -0.6773169 0.7355299 -0.1824354 0.1302280 0.2944024 -0.0023672 0.0210876 0.0758487 -0.0474776 0.2814232 0.0321288 
1403715605.962143 0.2419297 -0.1825262 -0.2711371 -0.0099173 -0.0013397 -0.6926376 0.7212164 -0.1473767 0.0610152 0.2937799 -0.0023683 0.0210875 0.0758495 -0.0474686 0.2815961 0.0322095 
1403715606.112143 0.2184543 -0.1653972 -0.2250024 -0.0073623 -0.0003381 -0.6952150 0.7187641 -0.1633353 0.1505055 0.3147428 -0.0023687 0.0210874 0.0758498 -0.0474722 0.2816002 0.0322121 
1403715606.212143 0.2007358 -0.1474357 -0.1926358 -0.0062088 -0.0021264 -0.6948250 0.7191489 -0.1819759 0.1722129 0.3116113 -0.0023688 0.0210873 0.0758499 -0.0474616 0.2815953 0.0321919 
1403715606.262143 0.1911565 -0.1389911 -0.1771171 -0.0044343 -0.0034563 -0.6921367 0.7217445 -0.1948916 0.1552798 0.3061098 -0.0023688 0.0210872 0.0758500 -0.0474544 0.2816002 0.0321900 
1403715606.312143 0.1814385 -0.1322120 -0.1621622 -0.0028940 -0.0054753 -0.6897561 0.7240153 -0.1926738 0.1129290 0.2917593 -0.0023688 0.0210871 0.0758501 -0.0474184 0.2816773 0.0322089 
1403715606.362143 0.1720049 -0.1279766 -0.1480434 -0.0017627 -0.0073183 -0.6877881 0.7258724 -0.1852079 0.0567311 0.2725135 -0.0023689 0.0210873 0.0758503 -0.0473267 0.2818796 0.0323343 
1403715606.412143 0.1629141 -0.1261252 -0.1346906 -0.0005437 -0.0090060 -0.6857324 0.7277978 -0.1729461 0.0126286 0.2565969 -0.0023692 0.0210876 0.0758508 -0.0472011 0.2821272 0.0324702 
1403715606.462143 0.1543733 -0.1269897 -0.1221986 0.0009917 -0.0092291 -0.6850367 0.7284494 -0.1673340 -0.0407544 0.2453854 -0.0023697 0.0210881 0.0758513 -0.0470576 0.2824599 0.0326427 
1403715606.612143 0.1311401 -0.1347970 -0.0878785 0.0075667 -0.0113177 -0.6808822 0.7322664 -0.1360590 -0.0375776 0.2182165 -0.0023709 0.0210896 0.0758533 -0.0466869 0.2834571 0.0331557 
1403715606.662143 0.1247740 -0.1361557 -0.0770116 0.0099001 -0.0123964 -0.6792107 0.7337718 -0.1192010 -0.0168521 0.2160659 -0.0023713 0.0210901 0.0758540 -0.0465578 0.2837879 0.0333229 
1403715606.712143 0.1192045 -0.1365872 -0.0661153 0.0125374 -0.0137517 -0.6764280 0.7362737 -0.1042771 0.0016185 0.2193655 -0.0023717 0.0210906 0.0758546 -0.0464245 0.2841207 0.0334829 
1403715606.762143 0.1147360 -0.1357166 -0.0551158 0.0151430 -0.0148279 -0.6738426 0.7385709 -0.0739565 0.0323715 0.2176655 -0.0023721 0.0210911 0.0758552 -0.0462944 0.2844498 0.0336324 
1403715607.162143 0.1121318 -0.1018698 0.0091387 0.0165785 -0.0058000 -0.6972779 0.7165857 -0.0033466 0.1197788 0.0916614 -0.0023743 0.0210935 0.0758586 -0.0455117 0.2864340 0.0343166 
1403715607.612143 0.0952098 -0.0632361 0.0169514 0.0103065 -0.0080887 -0.7002570 0.7137706 -0.0776250 0.0473427 -0.0438792 -0.0023757 0.0210952 0.0758610 -0.0450612 0.2882525 0.0349317 
1403715607.912143 0.0600677 -0.0303161 0.0015421 0.0060556 -0.0102771 -0.7001888 0.7138581 -0.1464265 0.1247554 -0.0074658 -0.0023762 0.0210960 0.0758620 -0.0448254 0.2892150 0.0352652 
1403715608.312143 0.0592266 -0.0297817 0.0020722 0.0057721 -0.0117854 -0.7037588 0.7103178 -0.0083516 -0.0028461 0.0118118 -0.0023766 0.0210964 0.0758628 -0.0444846 0.2898617 0.0354018 
1403715608.712143 0.0595142 -0.0295538 0.0023222 0.0057652 -0.0120905 -0.7031669 0.7108987 -0.0015125 0.0002693 -0.0064046 -0.0023767 0.0210965 0.0758631 -0.0443517 0.2900867 0.0353931 
1403715609.162143 0.0595834 -0.0291512 0.0022944 0.0057790 -0.0121933 -0.7027960 0.7112635 0.0041600 -0.0017578 -0.0001935 -0.0023767 0.0210965 0.0758631 -0.0444631 0.2897952 0.0353233 
